time	torso_X	torso_Y	torso_Z	torso_R00	torso_R01	torso_R02	torso_R10	torso_R11	torso_R12	torso_r20	torso_R21	torso_R22	left_arm_X	left_arm_Y	left_arm_Z	left_arm_R00	left_arm_R01	left_arm_R02	left_arm_R10	left_arm_R11	left_arm_R12	left_arm_r20	left_arm_R21	left_arm_R22	left_forearm_X	left_forearm_Y	left_forearm_Z	left_forearm_R00	left_forearm_R01	left_forearm_R02	left_forearm_R10	left_forearm_R11	left_forearm_R12	left_forearm_r20	left_forearm_R21	left_forearm_R22	left_hand_X	left_hand_Y	left_hand_Z	left_hand_R00	left_hand_R01	left_hand_R02	left_hand_R10	left_hand_R11	left_hand_R12	left_hand_r20	left_hand_R21	left_hand_R22	right_arm_X	right_arm_Y	right_arm_Z	right_arm_R00	right_arm_R01	right_arm_R02	right_arm_R10	right_arm_R11	right_arm_R12	right_arm_r20	right_arm_R21	right_arm_R22	right_forearm_X	right_forearm_Y	right_forearm_Z	right_forearm_R00	right_forearm_R01	right_forearm_R02	right_forearm_R10	right_forearm_R11	right_forearm_R12	right_forearm_r20	right_forearm_R21	right_forearm_R22	right_hand_X	right_hand_Y	right_hand_Z	right_hand_R00	right_hand_R01	right_hand_R02	right_hand_R10	right_hand_R11	right_hand_R12	right_hand_r20	right_hand_R21	right_hand_R22
0.004	5	16.6	12.2	0.6	0	-0.8	0	1	0	0.8	0	0.6	6.8	18.6	14.6	0.6	0	-0.8	0	1	0	0.8	0	0.6	8.6	18.6	17	0.6	-0.8	-0.000637061	0	0.000796327	-1	0.8	0.6	0.000477796	10.4	18.6	19.4	0.6	-0.8	-0.000637061	0	0.000796327	-1	0.8	0.6	0.000477796	6.8	14.6	14.6	0.6	0	-0.8	0	1	0	0.8	0	0.6	8.6	14.6	17	0.6	-0.8	-0.000637061	0	0.000796327	-1	0.8	0.6	0.000477796	10.4	14.6	19.4	0.6	-0.8	-0.000637061	0	0.000796327	-1	0.8	0.6	0.000477796
0.008	5	16.6	12.2	0.6	0	-0.8	0	1	0	0.8	0	0.6	6.8	18.6	14.6	0.6	0	-0.8	0	1	0	0.8	0	0.6	8.6	18.6	17	0.6	-0.8	-0.000637061	0	0.000796327	-1	0.8	0.6	0.000477796	10.4	18.6	19.4	0.6	-0.8	-0.000637061	0	0.000796327	-1	0.8	0.6	0.000477796	6.8	14.6	14.6	0.6	0	-0.8	0	1	0	0.8	0	0.6	8.6	14.6	17	0.6	-0.8	-0.000637061	0	0.000796327	-1	0.8	0.6	0.000477796	10.4	14.6	19.4	0.6	-0.8	-0.000637061	0	0.000796327	-1	0.8	0.6	0.000477796
0.012	4.99994	16.6	12.1999	0.599643	9.82653e-05	-0.800268	-0.000233139	1	-5.19017e-05	0.800267	0.000217696	0.599643	6.79907	18.5993	14.6011	0.601134	6.02008e-05	-0.799148	-0.000100325	1	-1.35096e-07	0.799148	8.02559e-05	0.601134	8.60247	18.599	16.9986	0.599345	-0.80049	-0.000696584	-9.85443e-05	0.000796414	-1	0.800491	0.599345	0.000398443	10.4005	18.5987	19.4	0.599558	-0.800331	6.00794e-05	0.00116328	0.000796388	-0.999999	0.80033	0.599558	0.00140849	6.79867	14.5993	14.6003	0.601058	-0.000108059	-0.799205	0.000180274	1	3.70948e-07	0.799205	-0.000144299	0.601058	8.60185	14.5998	16.9979	0.598975	-0.800768	-0.000528369	0.000182349	0.000796225	-1	0.800768	0.598974	0.000622938	10.3988	14.6004	19.4002	0.600241	-0.799819	-0.00067761	-7.37226e-05	0.000791878	-1	0.799819	0.600241	0.000416353
0.016	4.99985	16.6	12.1997	0.599092	0.000283869	-0.80068	-0.000692937	1	-0.000163941	0.80068	0.000653036	0.599092	6.79769	18.5979	14.603	0.603009	0.000193339	-0.797734	-0.000322886	1	-1.70951e-06	0.797734	0.000258608	0.603009	8.60672	18.5969	16.9962	0.59834	-0.801242	-0.000828596	-0.00031824	0.000796489	-1	0.801242	0.59834	0.000221585	10.4017	18.596	19.3999	0.598556	-0.80108	0.0015236	0.0036103	0.000795655	-0.999993	0.801073	0.598557	0.00336839	6.79656	14.5979	14.6004	0.602672	-0.000346075	-0.797989	0.000576286	1	1.54922e-06	0.797989	-0.000460803	0.602672	8.60457	14.5996	16.9944	0.597576	-0.801812	-0.000289386	0.000581357	0.000794188	-1	0.801812	0.597575	0.000940727	10.3973	14.6014	19.3998	0.600367	-0.799724	-0.000956506	-0.000573745	0.000765324	-1	0.799725	0.600367	6.37115e-07
0.02	4.99974	16.5999	12.1993	0.598387	0.000522329	-0.801207	-0.00134695	0.999999	-0.000354053	0.801206	0.00129105	0.598387	6.79594	18.5959	14.6055	0.605574	0.00039095	-0.795789	-0.000665113	1	-1.48597e-05	0.795789	0.000538289	0.605574	8.61266	18.5939	16.9929	0.597015	-0.80223	-0.00102466	-0.000656704	0.000788547	-0.999999	0.80223	0.597015	-5.60537e-05	10.4037	18.5919	19.3996	0.596976	-0.802251	0.00366659	0.00721227	0.000796584	-0.999974	0.802227	0.596987	0.00626159	6.79385	14.5959	14.6004	0.60464	-0.000653054	-0.796499	0.00100568	0.999999	-5.64698e-05	0.796498	-0.000766881	0.60464	8.60777	14.5989	16.9899	0.596015	-0.802973	1.87805e-05	0.0010136	0.000728968	-0.999999	0.802973	0.596015	0.00124837	10.3958	14.602	19.3988	0.600267	-0.799799	-0.000931191	-0.000719335	0.000624403	-1	0.799799	0.600267	-0.000200515
0.024	4.99964	16.5999	12.1989	0.597754	0.000859072	-0.801679	-0.00219169	0.999997	-0.000562595	0.801677	0.00209332	0.597754	6.79462	18.5933	14.6081	0.608105	0.00062763	-0.793856	-0.0010985	0.999999	-5.08592e-05	0.793856	0.00090298	0.608105	8.61894	18.59	16.9897	0.595911	-0.803049	-0.0012598	-0.00108699	0.000762155	-0.999999	0.803049	0.595912	-0.00041873	10.4067	18.5868	19.3988	0.594706	-0.803918	0.00637173	0.011793	0.00079868	-0.99993	0.803856	0.59474	0.00995556	6.79119	14.5933	14.5997	0.60667	-0.00112971	-0.794953	0.00152038	0.999999	-0.00026082	0.794952	-0.0010504	0.606671	8.6112	14.5979	16.9846	0.594343	-0.804212	0.000496669	0.00152846	0.000512004	-0.999999	0.80421	0.594343	0.00153351	10.3942	14.6025	19.3972	0.600004	-0.799997	-0.000847161	-0.000758023	0.000490432	-1	0.799997	0.600004	-0.000312155
0.028	4.99955	16.5999	12.1984	0.596971	0.00120515	-0.802262	-0.00318571	0.999995	-0.000868335	0.802256	0.00307414	0.596972	6.79287	18.5903	14.6113	0.61139	0.000930123	-0.791329	-0.00169625	0.999999	-0.000135151	0.791328	0.00142492	0.611391	8.62704	18.5852	16.9853	0.59437	-0.804191	-0.00156028	-0.00168176	0.00069721	-0.999998	0.80419	0.594371	-0.000938055	10.4102	18.5802	19.3978	0.591943	-0.805921	0.00976366	0.0175936	0.000809358	-0.999845	0.805788	0.592023	0.0146582	6.78805	14.5903	14.599	0.608952	-0.00178611	-0.793205	0.00197816	0.999998	-0.000733098	0.793205	-0.00112267	0.608954	8.61491	14.5963	16.9786	0.592575	-0.805515	0.00115446	0.00197904	2.26891e-05	-0.999998	0.805513	0.592576	0.00160759	10.3926	14.6022	19.3951	0.599519	-0.80036	-0.000356733	-4.51363e-05	0.000411906	-1	0.800361	0.599519	0.00021082
0.032	4.9995	16.5998	12.1977	0.596394	0.00165124	-0.80269	-0.00433292	0.99999	-0.00116222	0.80268	0.00417113	0.596395	6.79199	18.5868	14.6141	0.614249	0.00125619	-0.789112	-0.00237624	0.999997	-0.000257782	0.789109	0.00203346	0.61425	8.63473	18.5797	16.9814	0.593311	-0.804971	-0.00188458	-0.00236127	0.000600767	-0.999997	0.80497	0.593314	-0.00154432	10.4147	18.5726	19.3963	0.588469	-0.808406	0.0135666	0.0241703	0.000817463	-0.999708	0.808159	0.588624	0.0200205	6.78538	14.5869	14.5974	0.611099	-0.00272938	-0.791549	0.00244088	0.999996	-0.00156371	0.79155	-0.000976499	0.611103	8.61868	14.5942	16.9721	0.590738	-0.806861	0.00209905	0.00242054	-0.000829311	-0.999997	0.80686	0.590741	0.00146314	10.3909	14.6014	19.3927	0.598917	-0.800811	0.000266783	0.00119662	0.000561799	-0.999999	0.80081	0.598917	0.00129474
0.036	4.99947	16.5998	12.197	0.595648	0.00208471	-0.803243	-0.00560751	0.999983	-0.00156296	0.803226	0.00543517	0.59565	6.79058	18.5829	14.6176	0.617951	0.00161943	-0.786215	-0.00322244	0.999995	-0.000473017	0.78621	0.00282583	0.617953	8.64444	18.5733	16.9762	0.59168	-0.80617	-0.00224551	-0.00321002	0.00042943	-0.999995	0.806167	0.591684	-0.00233374	10.4195	18.5636	19.3947	0.584585	-0.811133	0.0179935	0.0319137	0.000828421	-0.99949	0.810705	0.584861	0.0263705	6.78224	14.583	14.5958	0.613484	-0.00399733	-0.789697	0.00284556	0.999992	-0.0028512	0.789702	-0.000497968	0.61349	8.6227	14.5915	16.9649	0.588819	-0.808258	0.00336847	0.00278079	-0.00214172	-0.999994	0.80826	0.588825	0.000986507	10.3892	14.5999	19.3897	0.598099	-0.801421	0.00113475	0.00326354	0.00101966	-0.999994	0.801415	0.598099	0.00322533
0.04	4.9995	16.5997	12.1962	0.595161	0.00261845	-0.803602	-0.00701611	0.999974	-0.00193794	0.803576	0.00679155	0.595163	6.79022	18.5786	14.6206	0.621076	0.00198395	-0.783748	-0.0041364	0.999991	-0.000746528	0.78374	0.00370555	0.621079	8.65345	18.5662	16.9718	0.590616	-0.806949	-0.00260807	-0.00413146	0.000208111	-0.999991	0.806942	0.590622	-0.00321097	10.4253	18.5538	19.3926	0.580001	-0.814298	0.0227342	0.0403225	0.000824548	-0.999186	0.813617	0.580446	0.0333128	6.77974	14.5787	14.5934	0.615664	-0.00564207	-0.787989	0.00325027	0.999984	-0.0046205	0.788002	0.000283494	0.615672	8.62674	14.5885	16.9574	0.586831	-0.809694	0.00501457	0.00311017	-0.00393897	-0.999987	0.809704	0.586839	0.000206782	10.3872	14.5978	19.3865	0.597209	-0.802083	0.00202955	0.0059249	0.00188122	-0.999981	0.802064	0.59721	0.00587574
0.044	4.99956	16.5997	12.1954	0.594517	0.00313907	-0.804077	-0.00854716	0.999961	-0.0024158	0.804038	0.00830881	0.594521	6.78939	18.574	14.6241	0.625012	0.00234046	-0.780612	-0.00517619	0.999986	-0.00114621	0.780598	0.00475699	0.625015	8.66443	18.5584	16.9659	0.588958	-0.808159	-0.00296209	-0.00518673	-0.000114726	-0.999987	0.808147	0.588965	-0.00425927	10.4313	18.5429	19.3904	0.575045	-0.817644	0.0279611	0.0497067	0.000803572	-0.998764	0.816611	0.575723	0.0411044	6.77684	14.5741	14.5909	0.618051	-0.00765669	-0.786101	0.00367089	0.99997	-0.00685366	0.786129	0.00135022	0.618061	8.63099	14.5851	16.9493	0.584783	-0.811159	0.0070307	0.00341549	-0.00620495	-0.999975	0.811183	0.584792	-0.000858042	10.3853	14.5954	19.3828	0.596095	-0.802909	0.00289337	0.00907403	0.00313329	-0.999954	0.802863	0.596094	0.00915336
0.048	4.9997	16.5996	12.1945	0.594118	0.00374046	-0.804369	-0.0101843	0.999944	-0.00287236	0.804313	0.00989847	0.594123	6.78954	18.5689	14.6273	0.62842	0.00269966	-0.777869	-0.00630786	0.999979	-0.00162544	0.777848	0.00592815	0.628424	8.6748	18.55	16.9608	0.5878	-0.809	-0.0033191	-0.00634202	-0.000505319	-0.99998	0.808982	0.587809	-0.00542772	10.4382	18.531	19.3877	0.569417	-0.821365	0.0335104	0.0598141	0.000741277	-0.998209	0.81987	0.570402	0.0495514	6.77458	14.5692	14.5877	0.62025	-0.00998022	-0.78434	0.00412008	0.999947	-0.00946554	0.784393	0.00263946	0.620258	8.63533	14.5815	16.9408	0.582633	-0.812682	0.00935562	0.00370733	-0.00885363	-0.999954	0.812727	0.582641	-0.00214553	10.3832	14.5926	19.379	0.594958	-0.803748	0.00369399	0.0125653	0.00470566	-0.99991	0.803659	0.594951	0.012899
0.052	4.99989	16.5995	12.1936	0.593619	0.00433048	-0.804735	-0.0119244	0.999923	-0.00341526	0.804658	0.0116233	0.593625	6.78941	18.5636	14.6308	0.632455	0.00306781	-0.774591	-0.00754069	0.999969	-0.00219656	0.77456	0.00723017	0.632459	8.68677	18.5409	16.9545	0.586167	-0.810182	-0.00368464	-0.00760956	-0.000957746	-0.999971	0.810154	0.586178	-0.00672653	10.4453	18.5181	19.385	0.563399	-0.825245	0.0394033	0.0706922	0.000634075	-0.997498	0.823155	0.564775	0.0586957	6.77209	14.5639	14.5843	0.622582	-0.012511	-0.782454	0.00466524	0.999914	-0.0122761	0.78254	0.00399253	0.622587	8.63983	14.5779	16.9319	0.580465	-0.814199	0.011888	0.00405353	-0.0117098	-0.999923	0.814275	0.580468	-0.00349675	10.3812	14.59	19.3748	0.593585	-0.80476	0.00430527	0.0160044	0.00645577	-0.999851	0.804612	0.593566	0.0167117
0.056	5.00016	16.5994	12.1926	0.593299	0.00496271	-0.804967	-0.0137331	0.999898	-0.00395745	0.804865	0.0134026	0.593306	6.78999	18.558	14.634	0.636175	0.0034691	-0.771537	-0.00891592	0.999956	-0.00285551	0.771493	0.00869557	0.636178	8.69851	18.5312	16.9485	0.584843	-0.811136	-0.0040835	-0.00903062	-0.00147715	-0.999958	0.811096	0.584855	-0.00818896	10.453	18.5041	19.3818	0.556756	-0.829419	0.0456871	0.0824345	0.000439273	-0.996596	0.826576	0.558627	0.0686173	6.77013	14.5584	14.5804	0.624806	-0.0150886	-0.780634	0.00525187	0.999872	-0.0151227	0.780762	0.00534896	0.624805	8.64455	14.5741	16.9227	0.578139	-0.81581	0.014467	0.00440605	-0.0146088	-0.999884	0.815926	0.578136	-0.00485141	10.379	14.5874	19.3705	0.59225	-0.805739	0.00495617	0.0194822	0.00817044	-0.999777	0.805519	0.592214	0.0205365
0.06	5.00051	16.5992	12.1916	0.592968	0.00559442	-0.805207	-0.0156258	0.999868	-0.00456019	0.805074	0.015286	0.592977	6.7906	18.5521	14.6374	0.640216	0.00392315	-0.768185	-0.0103661	0.99994	-0.00353251	0.768125	0.0102246	0.640218	8.71125	18.521	16.9418	0.583278	-0.81226	-0.00453487	-0.0105361	-0.00198319	-0.999943	0.812205	0.583292	-0.00971481	10.4611	18.4894	19.3784	0.549661	-0.833757	0.0521695	0.0947415	0.000168944	-0.995502	0.829998	0.552131	0.0790843	6.76822	14.5526	14.5763	0.627047	-0.0175524	-0.778784	0.00597191	0.999825	-0.0177259	0.778958	0.00646416	0.627042	8.64937	14.5705	16.9131	0.575856	-0.817376	0.0169322	0.00487485	-0.0172776	-0.999839	0.817536	0.575846	-0.00596483	10.3769	14.5851	19.3657	0.590662	-0.806901	0.00548713	0.0225064	0.00967677	-0.9997	0.806605	0.590608	0.0238761
0.064	5.00094	16.599	12.1906	0.59272	0.00623279	-0.805384	-0.0175677	0.999832	-0.00519126	0.805217	0.0172257	0.59273	6.79157	18.546	14.6407	0.64425	0.00439782	-0.764802	-0.0119687	0.999919	-0.00433229	0.764721	0.0119447	0.64425	8.72432	18.5101	16.9349	0.581748	-0.813353	-0.00500685	-0.0122108	-0.00257842	-0.999922	0.813277	0.581764	-0.0114317	10.4696	18.4735	19.3747	0.542004	-0.838298	0.0590578	0.107945	-0.000245902	-0.994157	0.833414	0.545212	0.0903566	6.76663	14.5467	14.5718	0.629296	-0.0197425	-0.776915	0.00670761	0.999778	-0.0199726	0.777137	0.00735742	0.629288	8.65452	14.5668	16.9032	0.573351	-0.819086	0.0191238	0.00534843	-0.019599	-0.999794	0.819292	0.573335	-0.0068563	10.3746	14.5828	19.3611	0.58917	-0.807984	0.00633604	0.0255046	0.0107588	-0.999617	0.807607	0.589106	0.0269461
0.068	5.00146	16.5988	12.1895	0.592567	0.00688815	-0.805492	-0.0195774	0.999791	-0.00585261	0.805283	0.0192375	0.592578	6.79294	18.5397	14.6439	0.648252	0.0049458	-0.76141	-0.0136265	0.999894	-0.00510647	0.761304	0.0136856	0.648251	8.7377	18.4988	16.9278	0.580265	-0.814409	-0.00555213	-0.0139471	-0.00312058	-0.999898	0.814309	0.580283	-0.0131694	10.4785	18.457	19.3707	0.533807	-0.843024	0.066041	0.121579	-0.000772494	-0.992581	0.836821	0.537876	0.102082	6.76539	14.5405	14.5669	0.631429	-0.0215332	-0.775135	0.00754399	0.999738	-0.0216273	0.775397	0.00780846	0.631426	8.65967	14.5632	16.8931	0.570961	-0.820711	0.0209159	0.00594602	-0.0213423	-0.999755	0.820956	0.570945	-0.00730564	10.3726	14.581	19.356	0.587396	-0.809267	0.00725851	0.0280351	0.0113838	-0.999542	0.808814	0.587331	0.0293747
0.072	5.00207	16.5986	12.1885	0.592393	0.00751602	-0.805614	-0.0216202	0.999745	-0.0065708	0.805359	0.02131	0.592404	6.79428	18.5333	14.6472	0.652565	0.00551537	-0.757712	-0.0154276	0.999863	-0.00600877	0.757575	0.0156108	0.652561	8.75198	18.487	16.9199	0.578535	-0.815635	-0.00611875	-0.0158489	-0.00374089	-0.999867	0.815504	0.578555	-0.0150912	10.4876	18.4394	19.3664	0.525117	-0.84786	0.0733804	0.136036	-0.00148978	-0.990703	0.840087	0.530217	0.114558	6.76422	14.5343	14.562	0.633691	-0.0228861	-0.773248	0.00832507	0.999706	-0.0227661	0.773541	0.00798934	0.633695	8.66529	14.5593	16.8826	0.568283	-0.822532	0.0222703	0.00649916	-0.0225776	-0.999724	0.822808	0.568271	-0.0074847	10.3701	14.5787	19.351	0.585764	-0.810434	0.00874506	0.030813	0.0114862	-0.999459	0.809895	0.585717	0.0317001
0.076	5.00283	16.5984	12.1875	0.592421	0.00812054	-0.805587	-0.0236256	0.999694	-0.00729685	0.805282	0.0233553	0.592432	6.79634	18.5269	14.65	0.656511	0.00625306	-0.75429	-0.0173643	0.999826	-0.00682485	0.754116	0.0175783	0.656506	8.76587	18.4748	16.9124	0.577125	-0.816627	-0.00685372	-0.0178836	-0.00424739	-0.999831	0.81646	0.57715	-0.0170556	10.4972	18.4211	19.3618	0.515789	-0.852894	0.0808293	0.150994	-0.0023702	-0.988532	0.843305	0.522078	0.127559	6.76386	14.5281	14.5566	0.635653	-0.0237444	-0.771609	0.00905492	0.999687	-0.0233035	0.771921	0.00782608	0.63567	8.67082	14.5553	16.8724	0.565853	-0.824182	0.0231299	0.00705515	-0.0232121	-0.999706	0.824476	0.565849	-0.00731988	10.3684	14.5764	19.3458	0.584034	-0.811658	0.0107146	0.0334529	0.0108786	-0.999381	0.811039	0.584031	0.0335058
0.08	5.00373	16.5981	12.1865	0.592349	0.00863239	-0.805635	-0.0255895	0.99964	-0.00810372	0.805275	0.025416	0.592356	6.79804	18.5206	14.6532	0.661011	0.00711359	-0.750342	-0.0194649	0.999781	-0.00766912	0.750124	0.0196747	0.661005	8.78107	18.4622	16.9036	0.575246	-0.817944	-0.00771111	-0.0200983	-0.00470935	-0.999787	0.817734	0.575278	-0.0191483	10.5068	18.4019	19.3568	0.506032	-0.85796	0.0885196	0.166627	-0.0034533	-0.986014	0.846266	0.513705	0.141212	6.76351	14.5221	14.5515	0.637808	-0.0242661	-0.769813	0.00964305	0.999677	-0.0235224	0.770135	0.0075794	0.637836	8.67693	14.551	16.8619	0.563035	-0.826094	0.0236531	0.00747593	-0.0235283	-0.999695	0.826399	0.563041	-0.00707147	10.366	14.5734	19.3411	0.582719	-0.812565	0.0133241	0.0367132	0.00994263	-0.999276	0.811844	0.582786	0.0356256
0.084	5.00477	16.5978	12.1856	0.592533	0.00914367	-0.805494	-0.0275182	0.999582	-0.00889591	0.805076	0.0274369	0.592537	6.80066	18.5144	14.6557	0.664948	0.00811079	-0.746846	-0.0217187	0.999728	-0.00847992	0.746574	0.0218592	0.664943	8.7955	18.4493	16.8954	0.573852	-0.818913	-0.00870552	-0.0224632	-0.00511329	-0.999735	0.818651	0.573895	-0.0213297	10.5171	18.3819	19.3514	0.495557	-0.863214	0.0963562	0.182854	-0.00476832	-0.983129	0.84911	0.504815	0.155479	6.76408	14.5161	14.546	0.639604	-0.0245523	-0.768312	0.0101804	0.999673	-0.0234707	0.768637	0.00719025	0.639645	8.68289	14.5466	16.8519	0.560479	-0.827822	0.0239405	0.00788793	-0.0235703	-0.999691	0.828131	0.560495	-0.00668088	10.3643	14.5703	19.3363	0.581221	-0.813589	0.0159775	0.0401968	0.00909468	-0.99915	0.812752	0.581369	0.0379897
0.088	5.00595	16.5975	12.1848	0.592566	0.00957603	-0.805465	-0.0294364	0.999519	-0.00977275	0.804984	0.029501	0.592562	6.8028	18.5082	14.6587	0.669562	0.00922096	-0.742699	-0.0240654	0.999667	-0.00928419	0.742366	0.0240897	0.669561	8.81148	18.436	16.8858	0.571873	-0.820284	-0.00981239	-0.024935	-0.00542549	-0.999674	0.819963	0.571931	-0.0235565	10.5271	18.3612	19.3457	0.484689	-0.868455	0.104228	0.1995	-0.00625905	-0.979878	0.851632	0.495729	0.170223	6.76449	14.5101	14.5407	0.641648	-0.0248864	-0.766595	0.0105999	0.999666	-0.0235804	0.766926	0.00700445	0.641698	8.68944	14.5419	16.8415	0.557517	-0.82981	0.0242759	0.00814644	-0.0237722	-0.999684	0.830125	0.557539	-0.00649344	10.362	14.5664	19.3319	0.580095	-0.814327	0.0189874	0.0444963	0.00840471	-0.998974	0.813332	0.580345	0.0411101
0.092	5.00728	16.5971	12.1839	0.592866	0.0100314	-0.805239	-0.0313412	0.999452	-0.0106245	0.804691	0.031536	0.592856	6.80594	18.502	14.6611	0.673561	0.0103242	-0.73906	-0.0265487	0.999595	-0.0102321	0.738655	0.026513	0.673562	8.82663	18.4224	16.8771	0.570421	-0.82128	-0.0109127	-0.0275597	-0.00585946	-0.999603	0.82089	0.570495	-0.0259766	10.5379	18.3397	19.3397	0.473052	-0.873853	0.112263	0.216792	-0.0080517	-0.976185	0.853946	0.486124	0.185635	6.76582	14.5042	14.5349	0.643306	-0.0253736	-0.765189	0.0109866	0.999654	-0.0239118	0.76553	0.0069758	0.643362	8.69574	14.5372	16.8315	0.554875	-0.831565	0.0247642	0.0083669	-0.0241876	-0.999672	0.831891	0.554901	-0.00646347	10.3604	14.5623	19.3272	0.5787	-0.815247	0.0218898	0.0491448	0.00806809	-0.998759	0.814059	0.579057	0.0447342
0.096	5.00876	16.5967	12.1832	0.593016	0.010436	-0.805123	-0.0332686	0.99938	-0.0115502	0.804503	0.0336348	0.592996	6.80868	18.4957	14.664	0.678198	0.0114982	-0.734789	-0.0290635	0.999515	-0.0111845	0.734304	0.0289408	0.678204	8.84328	18.4085	16.8669	0.56841	-0.822657	-0.0120833	-0.0302335	-0.00620848	-0.999524	0.82219	0.568504	-0.0284007	10.5485	18.3178	19.3335	0.461009	-0.879224	0.120151	0.23432	-0.00998237	-0.972108	0.8559	0.476305	0.201417	6.76694	14.4982	14.5294	0.645204	-0.0262776	-0.763558	0.0113432	0.999628	-0.0248169	0.763926	0.00735077	0.645262	8.70255	14.5322	16.8212	0.551828	-0.833563	0.0256695	0.00846675	-0.025179	-0.999647	0.833915	0.551851	-0.00683693	10.358	14.5576	19.323	0.577661	-0.815896	0.0249182	0.0543857	0.00801082	-0.998488	0.814463	0.578143	0.0490006
0.1	5.0104	16.5963	12.1825	0.593396	0.0108702	-0.804837	-0.0351996	0.999303	-0.0124554	0.804141	0.0357209	0.593365	6.81232	18.4893	14.6664	0.682321	0.012583	-0.730944	-0.0316997	0.999421	-0.0123863	0.730365	0.0316222	0.682325	8.85929	18.3942	16.8575	0.566836	-0.823725	-0.0131651	-0.0330643	-0.00677953	-0.99943	0.823167	0.566948	-0.0310788	10.5598	18.295	19.327	0.448193	-0.884699	0.12818	0.252503	-0.0122598	-0.967518	0.857534	0.466001	0.217894	6.76884	14.4921	14.5235	0.646741	-0.0276029	-0.76221	0.0117324	0.999587	-0.0262443	0.76262	0.0080307	0.646797	8.70906	14.5273	16.8113	0.549128	-0.835302	0.0269959	0.00854678	-0.0266873	-0.999607	0.835694	0.549143	-0.00751563	10.3564	14.5529	19.3184	0.576312	-0.816758	0.0277739	0.0597443	0.0082129	-0.99818	0.815043	0.576922	0.0535298
0.104	5.01218	16.5958	12.1819	0.593674	0.0112793	-0.804626	-0.0371644	0.999219	-0.0134138	0.803847	0.0378669	0.59363	6.81576	18.4828	14.6692	0.686898	0.0137416	-0.726624	-0.0343615	0.999317	-0.0135843	0.725941	0.0342989	0.686901	8.87646	18.3797	16.847	0.564858	-0.825064	-0.0143202	-0.0359382	-0.00725939	-0.999328	0.824405	0.564993	-0.0337519	10.571	18.2719	19.3202	0.434909	-0.890148	0.135983	0.270906	-0.014676	-0.962494	0.858757	0.455436	0.234764	6.77065	14.4859	14.5177	0.648459	-0.0294846	-0.760678	0.0122045	0.999524	-0.0283384	0.761152	0.00909258	0.64851	8.71602	14.5225	16.8012	0.546035	-0.837264	0.0288788	0.00858836	-0.0288752	-0.999546	0.837718	0.546035	-0.00857615	10.3541	14.5483	19.3143	0.575338	-0.817343	0.0306054	0.0651378	0.00848718	-0.99784	0.815318	0.576089	0.0581229
0.108	5.01413	16.5953	12.1813	0.594102	0.0117114	-0.804305	-0.0391481	0.99913	-0.0143686	0.803437	0.0400234	0.594043	6.81986	18.4762	14.6717	0.691183	0.0148181	-0.722527	-0.0371158	0.999198	-0.0150135	0.721726	0.0371942	0.691179	8.89341	18.3648	16.8369	0.56312	-0.826231	-0.0153934	-0.038947	-0.00792828	-0.99921	0.825457	0.563275	-0.0366438	10.5828	18.248	19.3132	0.420898	-0.895636	0.14381	0.289862	-0.0174296	-0.95691	0.859549	0.444446	0.252275	6.77301	14.4796	14.5116	0.649892	-0.0318177	-0.75936	0.0127795	0.99944	-0.0309399	0.759919	0.0104033	0.649935	8.72269	14.518	16.7914	0.543287	-0.838966	0.0312129	0.00866311	-0.0315742	-0.999464	0.839502	0.543266	-0.00988578	10.3526	14.544	19.3099	0.574052	-0.818141	0.0333187	0.070261	0.00867612	-0.997491	0.815799	0.574952	0.0624639
0.112	5.01624	16.5948	12.1809	0.594509	0.0121484	-0.803997	-0.0411721	0.999034	-0.015349	0.803034	0.0422274	0.594435	6.82407	18.4693	14.6744	0.695645	0.0158835	-0.71821	-0.0398956	0.999067	-0.0165474	0.717277	0.0401646	0.69563	8.911	18.3496	16.8262	0.561215	-0.827506	-0.0164554	-0.0420159	-0.00862801	-0.99908	0.826603	0.56139	-0.0396106	10.5946	18.2236	19.3061	0.40632	-0.901098	0.151415	0.309096	-0.0203927	-0.950812	0.859863	0.433136	0.27024	6.77547	14.4732	14.5055	0.651415	-0.0346012	-0.757932	0.0135226	0.99933	-0.0339993	0.758601	0.0118985	0.651447	8.72972	14.5138	16.7813	0.540169	-0.84087	0.0339976	0.00879392	-0.0347563	-0.999357	0.841511	0.540121	-0.0113797	10.3502	14.5401	19.3058	0.573178	-0.818641	0.0359824	0.0748626	0.00858681	-0.997157	0.816004	0.574242	0.0662073
0.116	5.01851	16.5942	12.1805	0.594963	0.0125983	-0.803654	-0.043235	0.998931	-0.0163483	0.802589	0.0444726	0.594872	6.8286	18.4623	14.6772	0.700101	0.0168697	-0.713844	-0.0427044	0.998921	-0.0182756	0.712765	0.043279	0.700066	8.9289	18.3342	16.8155	0.559299	-0.828782	-0.0174382	-0.0451634	-0.00945995	-0.998935	0.827735	0.559491	-0.0427215	10.6068	18.1987	19.2987	0.3911	-0.90654	0.158825	0.328656	-0.0236263	-0.944154	0.859666	0.421457	0.2887	6.77821	14.4666	14.4993	0.652759	-0.0376833	-0.756628	0.0143909	0.999199	-0.0373491	0.757429	0.0134914	0.652778	8.73648	14.5098	16.7716	0.537378	-0.842526	0.0370808	0.00899452	-0.0382406	-0.999228	0.843294	0.537297	-0.0129715	10.3486	14.5368	19.3014	0.571999	-0.819341	0.0386955	0.0789965	0.00807065	-0.996842	0.816441	0.57325	0.0693414
0.12	5.02096	16.5935	12.1801	0.595489	0.0130751	-0.803257	-0.0453277	0.998822	-0.0173449	0.802083	0.0467385	0.59538	6.83358	18.4552	14.6799	0.704429	0.0177262	-0.709553	-0.0455486	0.998756	-0.0202686	0.708311	0.046597	0.70436	8.94686	18.3185	16.8048	0.557479	-0.82999	-0.0182912	-0.0484101	-0.0105048	-0.998772	0.828779	0.55768	-0.0460361	10.6193	18.1733	19.2911	0.375204	-0.911943	0.166076	0.34858	-0.027201	-0.936884	0.858903	0.409413	0.307679	6.78127	14.4599	14.4929	0.654093	-0.0409764	-0.755304	0.0154282	0.999047	-0.0408391	0.756257	0.0150596	0.654102	8.74355	14.5062	16.7617	0.534243	-0.844366	0.0403749	0.00928927	-0.0418954	-0.999079	0.84528	0.534125	-0.0145387	10.3463	14.534	19.2975	0.571254	-0.819727	0.041415	0.0824079	0.00707898	-0.996574	0.816626	0.57271	0.0715959
0.124	5.02357	16.5928	12.1799	0.595961	0.013538	-0.802899	-0.0474529	0.998704	-0.0183829	0.80161	0.0490554	0.595831	6.83853	18.4478	14.6828	0.709017	0.0186226	-0.704945	-0.0483933	0.99858	-0.0222933	0.703529	0.049921	0.708911	8.96558	18.3027	16.7934	0.555411	-0.831355	-0.0191839	-0.0516918	-0.0114911	-0.998597	0.829968	0.555623	-0.0493565	10.6318	18.1476	19.2833	0.358767	-0.917271	0.172916	0.368626	-0.0309598	-0.929062	0.857555	0.397059	0.327023	6.78437	14.453	14.4866	0.655358	-0.0443557	-0.754015	0.0165271	0.998877	-0.0443953	0.755138	0.0166331	0.655355	8.75045	14.5026	16.752	0.531409	-0.845985	0.0437552	0.00961518	-0.045625	-0.998912	0.847061	0.531251	-0.0161112	10.3447	14.5315	19.2932	0.570188	-0.820316	0.0443576	0.0855682	0.00560237	-0.996317	0.817046	0.571883	0.0733874
0.128	5.02635	16.592	12.1797	0.596586	0.0140262	-0.802427	-0.0495675	0.998582	-0.0193973	0.801017	0.0513465	0.596435	6.84416	18.4405	14.6855	0.713215	0.0194298	-0.700676	-0.051323	0.99838	-0.0245563	0.699064	0.0534747	0.713056	8.9838	18.2865	16.7826	0.553667	-0.832498	-0.0199877	-0.0551157	-0.0126847	-0.998399	0.830912	0.553882	-0.0529069	10.6448	18.1212	19.2754	0.341574	-0.922524	0.179656	0.389104	-0.0351959	-0.920521	0.855526	0.384331	0.346936	6.78806	14.4462	14.4801	0.656536	-0.0477124	-0.752784	0.0177102	0.998697	-0.0478529	0.754087	0.0180852	0.656526	8.75766	14.4993	16.7423	0.528249	-0.847781	0.0471129	0.00998903	-0.0492776	-0.998735	0.849031	0.528051	-0.0175623	10.3424	14.5293	19.2894	0.56954	-0.8206	0.0473274	0.0882558	0.00380558	-0.996091	0.817212	0.57149	0.0745901
0.132	5.0293	16.5913	12.1796	0.597081	0.0144694	-0.802051	-0.051692	0.998453	-0.0204691	0.800514	0.0536813	0.596905	6.84949	18.4331	14.6885	0.717857	0.0204385	-0.69589	-0.0542596	0.998171	-0.0266559	0.694073	0.0568939	0.717653	9.00306	18.2703	16.7708	0.5515	-0.833911	-0.0209926	-0.0585501	-0.0135934	-0.998192	0.832117	0.551732	-0.0563224	10.6576	18.0947	19.2671	0.323942	-0.927643	0.185851	0.409573	-0.0395735	-0.911419	0.852826	0.371366	0.367118	6.79161	14.4393	14.4738	0.657735	-0.050997	-0.751521	0.0188465	0.998507	-0.0512626	0.753014	0.0195537	0.657714	8.76481	14.4958	16.7329	0.525371	-0.84938	0.0503986	0.010302	-0.0528774	-0.998548	0.850811	0.525127	-0.0190299	10.3409	14.5267	19.2853	0.568516	-0.821116	0.0505803	0.091213	0.00181049	-0.99583	0.8176	0.570758	0.0759258
0.136	5.03244	16.5904	12.1796	0.597774	0.0149329	-0.801525	-0.0537755	0.998321	-0.0215063	0.799859	0.0559583	0.597574	6.85562	18.4257	14.6911	0.721959	0.0214216	-0.691605	-0.0573023	0.997938	-0.0289073	0.689559	0.0605004	0.721698	9.0215	18.2538	16.7598	0.549792	-0.835013	-0.0219723	-0.0621243	-0.0146439	-0.997961	0.832988	0.550036	-0.0599257	10.6709	18.0675	19.2588	0.30552	-0.932649	0.191895	0.430412	-0.0444972	-0.901535	0.849355	0.358031	0.387828	6.79589	14.4325	14.4673	0.658805	-0.0541124	-0.750365	0.0199699	0.998316	-0.0544602	0.752048	0.020894	0.658777	8.77231	14.4924	16.7234	0.522178	-0.851156	0.0535149	0.0105913	-0.0562724	-0.998359	0.852771	0.521888	-0.0203694	10.3388	14.5241	19.2817	0.567869	-0.821359	0.0537996	0.0941547	-0.000113317	-0.995558	0.817716	0.570411	0.0772704
0.14	5.03574	16.5896	12.1797	0.598304	0.0153417	-0.801122	-0.0558628	0.998183	-0.0226046	0.79932	0.0582774	0.598073	6.86133	18.4184	14.6943	0.726574	0.0225611	-0.686717	-0.0603322	0.997695	-0.031056	0.684434	0.0639957	0.726261	9.04106	18.2374	16.7476	0.547575	-0.836437	-0.023108	-0.0657042	-0.0154497	-0.99772	0.834173	0.547845	-0.0634173	10.6838	18.0402	19.2501	0.286733	-0.937458	0.197375	0.451166	-0.0496115	-0.89106	0.845123	0.344545	0.408724	6.79997	14.4256	14.4611	0.659938	-0.0570536	-0.749151	0.0209664	0.998123	-0.0575451	0.751028	0.0222692	0.659895	8.77978	14.4885	16.7142	0.519269	-0.852744	0.056457	0.0107552	-0.0595358	-0.998168	0.854543	0.518925	-0.0217437	10.3376	14.5208	19.2779	0.566777	-0.82188	0.0572481	0.0978319	-0.00185486	-0.995201	0.818042	0.569658	0.0793548
0.144	5.03922	16.5887	12.1799	0.599032	0.0157676	-0.80057	-0.0579013	0.998042	-0.0236682	0.798629	0.060532	0.598772	6.86785	18.4111	14.6969	0.730637	0.0237161	-0.682354	-0.0634464	0.997431	-0.0332689	0.679812	0.0676004	0.730264	9.05976	18.2207	16.7363	0.545836	-0.837541	-0.0242594	-0.0693799	-0.0163243	-0.997457	0.835015	0.546131	-0.0670189	10.6973	18.0126	19.2413	0.267168	-0.942131	0.20251	0.472115	-0.0552311	-0.879805	0.840077	0.330664	0.430038	6.80478	14.4189	14.4547	0.660943	-0.0597042	-0.748057	0.0218957	0.99794	-0.0603021	0.750116	0.0234771	0.660889	8.78761	14.4846	16.7051	0.516045	-0.85452	0.0591085	0.0108673	-0.0624696	-0.997988	0.856493	0.515649	-0.0229508	10.3357	14.5172	19.2746	0.566035	-0.822152	0.0605878	0.101792	-0.0032295	-0.9948	0.818073	0.569259	0.0818602
0.148	5.04287	16.5878	12.1802	0.599611	0.0161411	-0.800129	-0.0599379	0.997894	-0.0247864	0.798044	0.0628203	0.599316	6.87399	18.4038	14.7	0.735149	0.0249218	-0.677447	-0.0665405	0.997151	-0.0355252	0.674632	0.071194	0.734713	9.07943	18.2041	16.7238	0.543614	-0.838949	-0.0254613	-0.0730867	-0.0170946	-0.997179	0.836147	0.543941	-0.0706089	10.7103	17.9849	19.2323	0.247272	-0.946537	0.207182	0.492987	-0.0611785	-0.867883	0.834158	0.316742	0.451503	6.80942	14.4122	14.4487	0.661995	-0.0620261	-0.746937	0.0226709	0.997771	-0.0627627	0.749165	0.0246148	0.661926	8.79541	14.4802	16.6962	0.513121	-0.856115	0.0614313	0.0108722	-0.0650831	-0.997821	0.858247	0.512671	-0.0240877	10.3348	14.5128	19.2709	0.564812	-0.822729	0.0640643	0.106571	-0.00426173	-0.994296	0.818309	0.568418	0.0852719
0.152	5.0467	16.5868	12.1805	0.600345	0.0165181	-0.799571	-0.061923	0.997745	-0.0258817	0.79734	0.0650497	0.600014	6.88077	18.3966	14.7026	0.739221	0.0263137	-0.672948	-0.0697129	0.996858	-0.037599	0.669845	0.0747071	0.738733	9.09843	18.1874	16.7122	0.541777	-0.840093	-0.0268496	-0.0768234	-0.0176826	-0.996888	0.837004	0.542153	-0.0741189	10.7238	17.9569	19.2232	0.226666	-0.950789	0.211242	0.513865	-0.0675021	-0.855211	0.827384	0.302397	0.473277	6.8147	14.4056	14.4424	0.662967	-0.0638835	-0.745918	0.0233769	0.997633	-0.0646642	0.748284	0.0254329	0.662891	8.8036	14.4757	16.6873	0.509853	-0.85793	0.0632895	0.0108704	-0.0671391	-0.997684	0.860193	0.509361	-0.0249051	10.3332	14.5083	19.2679	0.56396	-0.823046	0.0674114	0.111553	-0.00495499	-0.993746	0.818233	0.567953	0.0890191
0.156	5.0507	16.5859	12.181	0.600985	0.0168545	-0.799083	-0.0639005	0.99759	-0.0270177	0.796702	0.067299	0.600614	6.88737	18.3893	14.7057	0.743569	0.0276984	-0.668085	-0.072879	0.996546	-0.039797	0.664676	0.0782812	0.74302	9.11808	18.1707	16.6997	0.539582	-0.84146	-0.0282304	-0.0806173	-0.018261	-0.996578	0.838064	0.540011	-0.0776895	10.7368	17.9289	19.2139	0.205731	-0.954704	0.214978	0.534703	-0.0743224	-0.841765	0.819614	0.288127	0.495193	6.81995	14.399	14.4365	0.663921	-0.0652009	-0.744954	0.023957	0.997535	-0.0659565	0.747418	0.0259431	0.663847	8.81171	14.4709	16.6787	0.506912	-0.859573	0.0646077	0.0108712	-0.0685701	-0.997587	0.861929	0.506391	-0.0254144	10.3324	14.5035	19.2645	0.562645	-0.823661	0.0708078	0.116983	-0.00546442	-0.993119	0.81838	0.567056	0.0932796
0.16	5.05489	16.5849	12.1815	0.6017	0.0171876	-0.798537	-0.0658481	0.997433	-0.0281481	0.796003	0.0695188	0.601287	6.89436	18.3822	14.7085	0.747686	0.0293483	-0.663404	-0.0760887	0.996229	-0.0416832	0.659679	0.0816435	0.7471	9.13742	18.1539	16.6876	0.537578	-0.842684	-0.0298766	-0.0843746	-0.018504	-0.996262	0.838982	0.53809	-0.0810485	10.7502	17.9008	19.2045	0.184201	-0.95844	0.217859	0.555367	-0.0813861	-0.827613	0.810949	0.273438	0.517294	6.82561	14.3924	14.4305	0.664878	-0.0659257	-0.744037	0.0245185	0.997487	-0.0664727	0.746549	0.0259536	0.664824	8.82024	14.466	16.6701	0.50358	-0.861475	0.0653332	0.0109641	-0.069243	-0.99754	0.863879	0.503057	-0.0254241	10.331	14.4989	19.2618	0.561767	-0.823969	0.0741196	0.122238	-0.00593841	-0.992483	0.818215	0.566604	0.0973846
0.164	5.05924	16.5838	12.1821	0.602403	0.0175131	-0.798	-0.0678035	0.997268	-0.0292979	0.795307	0.0717564	0.601945	6.90147	18.3749	14.7115	0.751847	0.0308381	-0.658616	-0.0792658	0.995888	-0.0438563	0.654555	0.0851789	0.7512	9.15702	18.1371	16.6752	0.53541	-0.84401	-0.0313626	-0.0881971	-0.0189416	-0.995923	0.839975	0.535993	-0.0845807	10.7632	17.8725	19.1951	0.162297	-0.961802	0.220449	0.575966	-0.0890632	-0.812608	0.801201	0.258854	0.53951	6.83142	14.3859	14.4245	0.665722	-0.0660197	-0.743273	0.0250248	0.997493	-0.0661865	0.74578	0.0254616	0.665706	8.82859	14.4609	16.6619	0.500617	-0.863193	0.0654278	0.0112012	-0.0691152	-0.997546	0.865596	0.500121	-0.0249314	10.3304	14.4945	19.2586	0.560471	-0.82455	0.07739	0.127359	-0.00652153	-0.991835	0.818323	0.565752	0.101358
0.168	5.06377	16.5827	12.1828	0.603086	0.017841	-0.797476	-0.069771	0.997098	-0.030457	0.794619	0.0740089	0.602581	6.90871	18.3676	14.7147	0.756026	0.0324598	-0.653737	-0.0824059	0.995543	-0.0458683	0.649334	0.0885493	0.755331	9.17679	18.1204	16.6627	0.533181	-0.845358	-0.0329804	-0.0919542	-0.019156	-0.995579	0.840989	0.533857	-0.0879478	10.7763	17.8445	19.1856	0.139943	-0.964937	0.222065	0.596245	-0.0969281	-0.796929	0.790511	0.24393	0.561774	6.83735	14.3792	14.4186	0.666662	-0.0656376	-0.742464	0.0255813	0.997543	-0.0652183	0.744921	0.0244854	0.666703	8.83733	14.4559	16.6534	0.497222	-0.865182	0.0650463	0.0115888	-0.0683414	-0.997595	0.867546	0.49678	-0.0239544	10.329	14.4907	19.256	0.559683	-0.824774	0.0806389	0.131971	-0.00735906	-0.991226	0.818131	0.565415	0.104727
0.172	5.06847	16.5816	12.1836	0.603844	0.0181928	-0.796895	-0.0717551	0.996921	-0.0316128	0.793867	0.0762704	0.60329	6.91639	18.3601	14.7177	0.760006	0.0338905	-0.649031	-0.085501	0.995174	-0.0481553	0.644267	0.0920912	0.759236	9.19641	18.1036	16.6505	0.531017	-0.846662	-0.0344073	-0.095755	-0.0196122	-0.995212	0.841933	0.531769	-0.0914865	10.7895	17.8164	19.1763	0.117141	-0.967703	0.223225	0.616382	-0.105397	-0.780362	0.778686	0.229004	0.584128	6.84362	14.3725	14.4126	0.667385	-0.0648355	-0.741885	0.0261485	0.997629	-0.0636631	0.744254	0.0230886	0.667498	8.84577	14.4509	16.6454	0.494251	-0.866942	0.0642447	0.012174	-0.0669925	-0.997679	0.869234	0.493887	-0.0225571	10.3285	14.4874	19.2531	0.558505	-0.825267	0.0837032	0.136059	-0.0084002	-0.990665	0.818267	0.56468	0.107593
0.176	5.07335	16.5804	12.1844	0.604496	0.0185434	-0.796392	-0.0737731	0.996736	-0.0327888	0.793185	0.078573	0.603891	6.92393	18.3525	14.7211	0.764219	0.0353749	-0.643986	-0.0885152	0.994799	-0.0503956	0.638854	0.0955158	0.763376	9.21658	18.087	16.6377	0.528547	-0.848145	-0.0358877	-0.0994943	-0.019908	-0.994839	0.843053	0.52939	-0.0949079	10.8022	17.7885	19.1669	0.0940796	-0.970155	0.223491	0.636125	-0.114105	-0.763102	0.765829	0.21396	0.606405	6.84975	14.3656	14.4069	0.668289	-0.0640309	-0.741141	0.0268091	0.997715	-0.0620237	0.743419	0.0215804	0.668478	8.85462	14.446	16.6371	0.490818	-0.868949	0.0634407	0.0128301	-0.0655983	-0.997764	0.871168	0.490534	-0.0210481	10.3271	14.4845	19.2506	0.557856	-0.825392	0.0867512	0.139676	-0.00966531	-0.99015	0.8181	0.564478	0.109896
0.18	5.0784	16.5792	12.1854	0.605292	0.0189318	-0.795778	-0.0757952	0.996545	-0.0339439	0.792387	0.0808622	0.604636	6.93214	18.3449	14.7242	0.768036	0.0368774	-0.639344	-0.0915273	0.994413	-0.0525928	0.633833	0.0989106	0.76712	9.23624	18.0703	16.6257	0.526348	-0.849447	-0.0373865	-0.103214	-0.0201864	-0.994454	0.843981	0.527288	-0.0982997	10.8153	17.7606	19.1577	0.0705082	-0.972272	0.222971	0.655615	-0.123297	-0.744961	0.751797	0.198709	0.628742	6.85641	14.3587	14.4008	0.668888	-0.063354	-0.740658	0.0275247	0.997789	-0.0604908	0.742853	0.0200752	0.669153	8.86307	14.4413	16.6294	0.48787	-0.870657	0.0627642	0.0135934	-0.0643154	-0.997837	0.872811	0.487667	-0.0195424	10.3267	14.482	19.2478	0.556786	-0.825831	0.0894069	0.142806	-0.010865	-0.989691	0.818289	0.563814	0.111884
0.184	5.08363	16.5779	12.1864	0.605923	0.0193159	-0.795288	-0.0778613	0.996345	-0.0351227	0.791703	0.0832039	0.605213	6.94003	18.337	14.7279	0.772226	0.0383351	-0.63419	-0.0944249	0.994018	-0.0548914	0.628292	0.102272	0.771226	9.25671	18.0537	16.6128	0.523647	-0.85105	-0.0388401	-0.106895	-0.020405	-0.994061	0.845203	0.524689	-0.101658	10.8276	17.733	19.1484	0.0468865	-0.973965	0.221797	0.674659	-0.132867	-0.726073	0.736639	0.18368	0.650864	6.86277	14.3516	14.3951	0.669723	-0.0634214	-0.739898	0.0283614	0.997804	-0.0598567	0.742069	0.0191028	0.670051	8.87193	14.4367	16.6213	0.484454	-0.872557	0.0628322	0.0142273	-0.0639553	-0.997851	0.874701	0.484307	-0.0185693	10.3253	14.4794	19.2454	0.556199	-0.825941	0.0920017	0.145904	-0.0119364	-0.989227	0.818141	0.56363	0.113869
0.188	5.08902	16.5766	12.1875	0.606732	0.01975	-0.794661	-0.0799281	0.996141	-0.0362685	0.790878	0.085521	0.605969	6.94872	18.3291	14.7312	0.775923	0.0399214	-0.629563	-0.0973304	0.993621	-0.0569508	0.623274	0.105465	0.774859	9.27649	18.0371	16.601	0.52133	-0.852397	-0.0404227	-0.110493	-0.0204558	-0.993666	0.846172	0.522495	-0.104848	10.8405	17.7056	19.1395	0.0227287	-0.975356	0.219463	0.693306	-0.14278	-0.706358	0.720285	0.168209	0.672975	6.86972	14.3445	14.3891	0.670198	-0.0642959	-0.739392	0.0292961	0.997756	-0.0602081	0.741604	0.01869	0.670578	8.88031	14.4324	16.6139	0.481588	-0.874079	0.0637071	0.0148034	-0.0645685	-0.997803	0.876273	0.481473	-0.018156	10.3251	14.4768	19.2427	0.555113	-0.826441	0.0940439	0.14887	-0.0125222	-0.988777	0.818344	0.562883	0.116081
0.192	5.0946	16.5752	12.1887	0.607355	0.0201867	-0.794174	-0.0820471	0.995925	-0.0374317	0.790183	0.087894	0.606536	6.95704	18.3209	14.735	0.780036	0.0412696	-0.624373	-0.100063	0.993209	-0.0593614	0.617682	0.108781	0.778868	9.29714	18.0207	16.5881	0.518416	-0.854108	-0.0417668	-0.114086	-0.0206755	-0.993256	0.847484	0.519685	-0.108161	10.8524	17.6784	19.1305	-0.00131985	-0.976239	0.216692	0.711434	-0.153197	-0.685851	0.702752	0.153257	0.694732	6.87629	14.3372	14.3834	0.670918	-0.0665798	-0.738537	0.030375	0.997593	-0.06234	0.740909	0.0193919	0.671325	8.88904	14.4283	16.6062	0.478274	-0.875728	0.0659917	0.0150393	-0.0669651	-0.997642	0.878082	0.478139	-0.0188573	10.3239	14.4734	19.2404	0.554433	-0.826667	0.0960539	0.152365	-0.0126393	-0.988243	0.818162	0.56255	0.118948
0.196	5.10034	16.5738	12.1899	0.608145	0.0206738	-0.793556	-0.084164	0.995706	-0.0385593	0.789351	0.0902385	0.607274	6.96613	18.3127	14.7384	0.78367	0.0427775	-0.619703	-0.102793	0.992802	-0.0614593	0.612613	0.111865	0.782426	9.31714	18.0043	16.5763	0.51588	-0.855567	-0.0432709	-0.117558	-0.0206697	-0.992851	0.848556	0.517279	-0.111242	10.8648	17.6516	19.122	-0.0258534	-0.976819	0.212502	0.729029	-0.163871	-0.664578	0.683995	0.137738	0.716365	6.88343	14.3299	14.3775	0.671271	-0.070053	-0.737894	0.0315799	0.997323	-0.0659537	0.740539	0.0209702	0.671686	8.89724	14.4246	16.5991	0.475545	-0.876944	0.0694654	0.0150995	-0.070817	-0.997375	0.879562	0.475346	-0.0204353	10.3239	14.4699	19.2378	0.553184	-0.82733	0.0975308	0.156072	-0.0120771	-0.987672	0.818308	0.561587	0.122442
0.2	5.10627	16.5723	12.1913	0.608771	0.0211584	-0.793064	-0.0863117	0.995477	-0.0396958	0.788637	0.0926164	0.607844	6.9749	18.3043	14.7424	0.787645	0.0440923	-0.614549	-0.105363	0.992383	-0.0638397	0.607053	0.115034	0.786291	9.33784	17.9883	16.5636	0.512795	-0.857353	-0.0445816	-0.121017	-0.0207761	-0.992433	0.849939	0.51431	-0.114408	10.8762	17.6252	19.1134	-0.0501913	-0.976862	0.207899	0.746018	-0.17507	-0.642501	0.664032	0.122849	0.737543	6.89027	14.3224	14.372	0.671846	-0.0750633	-0.736877	0.0329201	0.996895	-0.0715356	0.739959	0.0238028	0.672231	8.90581	14.4212	16.5918	0.472376	-0.878245	0.0744765	0.0147207	-0.0766253	-0.996951	0.881274	0.472032	-0.0232675	10.3229	14.4654	19.2357	0.552297	-0.827729	0.0991631	0.160623	-0.0110636	-0.986954	0.818027	0.56102	0.126842
