time	torso_X	torso_Y	torso_Z	torso_R00	torso_R01	torso_R02	torso_R10	torso_R11	torso_R12	torso_r20	torso_R21	torso_R22	left_arm_X	left_arm_Y	left_arm_Z	left_arm_R00	left_arm_R01	left_arm_R02	left_arm_R10	left_arm_R11	left_arm_R12	left_arm_r20	left_arm_R21	left_arm_R22	left_forearm_X	left_forearm_Y	left_forearm_Z	left_forearm_R00	left_forearm_R01	left_forearm_R02	left_forearm_R10	left_forearm_R11	left_forearm_R12	left_forearm_r20	left_forearm_R21	left_forearm_R22	left_hand_X	left_hand_Y	left_hand_Z	left_hand_R00	left_hand_R01	left_hand_R02	left_hand_R10	left_hand_R11	left_hand_R12	left_hand_r20	left_hand_R21	left_hand_R22	right_arm_X	right_arm_Y	right_arm_Z	right_arm_R00	right_arm_R01	right_arm_R02	right_arm_R10	right_arm_R11	right_arm_R12	right_arm_r20	right_arm_R21	right_arm_R22	right_forearm_X	right_forearm_Y	right_forearm_Z	right_forearm_R00	right_forearm_R01	right_forearm_R02	right_forearm_R10	right_forearm_R11	right_forearm_R12	right_forearm_r20	right_forearm_R21	right_forearm_R22	right_hand_X	right_hand_Y	right_hand_Z	right_hand_R00	right_hand_R01	right_hand_R02	right_hand_R10	right_hand_R11	right_hand_R12	right_hand_r20	right_hand_R21	right_hand_R22
0.004	5	16.6	12.2	0.6	0	-0.8	0	1	0	0.8	0	0.6	6.8	18.6	14.6	0.6	0	-0.8	0	1	0	0.8	0	0.6	8.6	18.6	17	0.6	-0.8	-0.000637061	0	0.000796327	-1	0.8	0.6	0.000477796	10.4	18.6	19.4	0.6	-0.8	-0.000637061	0	0.000796327	-1	0.8	0.6	0.000477796	6.8	14.6	14.6	0.6	0	-0.8	0	1	0	0.8	0	0.6	8.6	14.6	17	0.6	-0.8	-0.000637061	0	0.000796327	-1	0.8	0.6	0.000477796	10.4	14.6	19.4	0.6	-0.8	-0.000637061	0	0.000796327	-1	0.8	0.6	0.000477796
0.008	5	16.6	12.2	0.6	0	-0.8	0	1	0	0.8	0	0.6	6.8	18.6	14.6	0.6	0	-0.8	0	1	0	0.8	0	0.6	8.6	18.6	17	0.6	-0.8	-0.000637061	0	0.000796327	-1	0.8	0.6	0.000477796	10.4	18.6	19.4	0.6	-0.8	-0.000637061	0	0.000796327	-1	0.8	0.6	0.000477796	6.8	14.6	14.6	0.6	0	-0.8	0	1	0	0.8	0	0.6	8.6	14.6	17	0.6	-0.8	-0.000637061	0	0.000796327	-1	0.8	0.6	0.000477796	10.4	14.6	19.4	0.6	-0.8	-0.000637061	0	0.000796327	-1	0.8	0.6	0.000477796
0.012	5.00003	16.6	12.1998	0.600258	-0.000101012	-0.799807	7.04748e-05	1	-7.34043e-05	0.799807	-1.23047e-05	0.600258	6.80061	18.6002	14.5992	0.599528	7.54323e-05	-0.800354	-0.000125651	1	1.25944e-07	0.800354	0.00010049	0.599528	8.59919	18.5999	17.0003	0.600517	-0.799612	-0.000712775	-0.000126636	0.000796297	-1	0.799612	0.600517	0.00037693	10.4007	18.5995	19.3991	0.599418	-0.800436	-0.000441527	0.000326978	0.00079647	-1	0.800436	0.599417	0.000739143	6.80101	14.6002	14.5993	0.598781	0.000251445	-0.800913	-0.000418879	1	7.84206e-07	0.800913	0.000335016	0.598781	8.59735	14.599	17.002	0.60157	-0.79882	-0.000889233	-0.000421656	0.000795645	-1	0.79882	0.60157	0.000141809	10.4021	14.5977	19.3985	0.598852	-0.800859	-0.00105296	-0.000709136	0.00078452	-0.999999	0.800859	0.598853	-9.81063e-05
0.016	5.00008	16.6001	12.1995	0.600617	-0.000285974	-0.799537	0.000186529	1	-0.000217553	0.799537	-1.84709e-05	0.600617	6.80136	18.6006	14.598	0.599191	0.000195157	-0.800606	-0.000325792	1	-6.79215e-08	0.800606	0.000260872	0.599191	8.59893	18.5996	16.9999	0.600605	-0.799545	-0.000832701	-0.000327199	0.000795682	-1	0.799546	0.600605	0.00021628	10.4007	18.5987	19.3985	0.599211	-0.800591	-0.000121813	0.000861288	0.000796795	-0.999999	0.800591	0.599211	0.00116699	6.80251	14.6006	14.5981	0.596781	0.000678242	-0.802404	-0.00113103	0.999999	4.06506e-06	0.802404	0.000905121	0.596781	8.59285	14.5972	17.0053	0.604038	-0.796954	-0.00131722	-0.00113825	0.000790093	-0.999999	0.796954	0.604039	-0.000429888	10.405	14.5938	19.3962	0.596906	-0.80231	-0.00138013	-0.00152009	0.000589268	-0.999999	0.802309	0.596908	-0.000867843
0.02	5.00015	16.6001	12.199	0.601024	-0.000490176	-0.799231	0.000293562	1	-0.00039255	0.799231	1.30817e-06	0.601024	6.80224	18.601	14.5967	0.598719	0.000308987	-0.800959	-0.000522527	1	-4.81931e-06	0.800959	0.000421408	0.598719	8.59839	18.5994	16.9995	0.601099	-0.799174	-0.000946812	-0.00052488	0.000789949	-1	0.799174	0.6011	5.53678e-05	10.4017	18.5978	19.3971	0.598296	-0.801275	0.000241494	0.00147057	0.000796662	-0.999999	0.801274	0.598296	0.00165497	6.8042	14.601	14.5966	0.594281	0.00111413	-0.804257	-0.00186924	0.999998	4.07527e-06	0.804256	0.00150092	0.594282	8.58704	14.5954	17.0094	0.607071	-0.794646	-0.00175458	-0.0018818	0.000770394	-0.999998	0.794645	0.607073	-0.00102768	10.4083	14.5897	19.3934	0.594219	-0.804301	-0.00191055	-0.00289931	0.000233391	-0.999996	0.804298	0.594222	-0.00219323
0.024	5.00021	16.6001	12.1983	0.601407	-0.000707082	-0.798943	0.000419978	1	-0.000568883	0.798943	6.59164e-06	0.601407	6.80302	18.6014	14.5951	0.59834	0.000429729	-0.801242	-0.000754724	1	-2.72735e-05	0.801242	0.000621035	0.59834	8.59804	18.5991	16.9989	0.601469	-0.798895	-0.00106778	-0.000757726	0.000766095	-0.999999	0.798895	0.60147	-0.000144561	10.4024	18.5968	19.3956	0.597453	-0.801903	0.000687083	0.00221705	0.000794986	-0.999997	0.801901	0.597453	0.00225283	6.80585	14.6014	14.5951	0.591789	0.00151142	-0.806091	-0.00258966	0.999997	-2.61912e-05	0.806089	0.002103	0.591791	8.58121	14.5936	17.0134	0.60977	-0.792575	-0.00215334	-0.00260633	0.00071169	-0.999996	0.792574	0.609774	-0.00163174	10.4105	14.5858	19.3911	0.591701	-0.806153	-0.00255508	-0.00482192	-0.000369766	-0.999988	0.806143	0.591707	-0.00410599
0.028	5.00029	16.6002	12.1975	0.601794	-0.000921096	-0.798651	0.000569933	1	-0.000723862	0.798652	-1.95623e-05	0.601794	6.80383	18.6019	14.5934	0.597638	0.000547709	-0.801766	-0.0010183	0.999999	-7.59147e-05	0.801765	0.000861807	0.597639	8.59675	18.5988	16.9987	0.602585	-0.798054	-0.00118618	-0.00102273	0.0007141	-0.999999	0.798054	0.602586	-0.000385891	10.4045	18.5957	19.3929	0.59572	-0.803192	0.00119687	0.00307873	0.000793327	-0.999995	0.803187	0.59572	0.00294541	6.80752	14.6019	14.5935	0.58923	0.0018968	-0.807963	-0.00335371	0.999994	-9.81659e-05	0.807958	0.00276751	0.589233	8.57521	14.5918	17.0174	0.612469	-0.79049	-0.0025402	-0.00337258	0.000600367	-0.999994	0.790487	0.612474	-0.00229829	10.4126	14.5817	19.3888	0.589026	-0.808109	-0.00287063	-0.00668302	-0.00131902	-0.999977	0.808086	0.589031	-0.00617755
0.032	5.00039	16.6002	12.1965	0.602153	-0.00111639	-0.79838	0.000690496	0.999999	-0.000877539	0.79838	-2.2865e-05	0.602154	6.80462	18.6022	14.5916	0.597064	0.0006002	-0.802193	-0.00121848	0.999999	-0.0001587	0.802193	0.00107221	0.597064	8.59581	18.5986	16.9982	0.603348	-0.797477	-0.00123901	-0.00122345	0.000628033	-0.999999	0.797477	0.603349	-0.000596749	10.4059	18.5949	19.3906	0.594531	-0.804071	0.00167769	0.00387781	0.000780783	-0.999992	0.804063	0.594533	0.00358223	6.80908	14.6022	14.5917	0.586464	0.0020964	-0.809973	-0.0039708	0.999992	-0.000286859	0.809966	0.00338448	0.586467	8.56847	14.5903	17.0216	0.61561	-0.788047	-0.0027414	-0.00398674	0.000364326	-0.999992	0.788041	0.615616	-0.00291746	10.4153	14.5784	19.3858	0.585682	-0.810534	-0.00340889	-0.00918894	-0.00243428	-0.999955	0.810489	0.585687	-0.00887366
0.036	5.00051	16.6002	12.1955	0.602473	-0.00129536	-0.798138	0.000796122	0.999999	-0.00102202	0.798139	-1.96759e-05	0.602473	6.80533	18.6026	14.5898	0.596569	0.000592807	-0.802562	-0.00136358	0.999999	-0.000274952	0.802561	0.00125839	0.596569	8.59504	18.5985	16.9975	0.60393	-0.797036	-0.00123191	-0.00136833	0.000508801	-0.999999	0.797036	0.603931	-0.000783325	10.4068	18.5944	19.3886	0.593643	-0.804726	0.00213651	0.00462095	0.000753933	-0.999989	0.804715	0.593646	0.00416616	6.81052	14.6026	14.5899	0.58368	0.00217113	-0.811981	-0.00454179	0.99999	-0.000590956	0.811971	0.00403277	0.583684	8.56156	14.5889	17.0258	0.618638	-0.785671	-0.00281773	-0.00454642	6.50421e-06	-0.99999	0.785663	0.618645	-0.00356797	10.4175	14.5753	19.3828	0.582394	-0.812898	-0.00372455	-0.0117946	-0.00386869	-0.999923	0.812821	0.582393	-0.0118409
0.04	5.00064	16.6002	12.1942	0.602733	-0.00149301	-0.797942	0.000939966	0.999999	-0.00116106	0.797942	-5.02291e-05	0.602734	6.80585	18.603	14.588	0.596204	0.000563535	-0.802832	-0.00153051	0.999999	-0.000434666	0.802831	0.00148789	0.596205	8.59447	18.5984	16.9965	0.604382	-0.796694	-0.00120285	-0.00153413	0.000345992	-0.999999	0.796693	0.604383	-0.00101312	10.4076	18.5938	19.3865	0.592836	-0.805319	0.00265354	0.00544315	0.000712013	-0.999985	0.805305	0.592841	0.00480558	6.81182	14.603	14.5882	0.580893	0.00209981	-0.813978	-0.00510654	0.999986	-0.00106461	0.813964	0.00477503	0.580895	8.5545	14.5877	17.0301	0.621678	-0.783268	-0.002748	-0.00508619	-0.000528568	-0.999987	0.783256	0.621684	-0.00431245	10.4195	14.5724	19.3798	0.579018	-0.815306	-0.0038331	-0.0144329	-0.00554912	-0.99988	0.815187	0.579004	-0.0149802
0.044	5.00079	16.6001	12.1929	0.602904	-0.001702	-0.797812	0.00110682	0.999999	-0.00129691	0.797813	-0.000101123	0.602905	6.80609	18.6035	14.5861	0.596215	0.000499785	-0.802824	-0.00169782	0.999998	-0.000638352	0.802823	0.00174365	0.596215	8.59474	18.5984	16.9946	0.604229	-0.79681	-0.0011391	-0.00169932	0.000140954	-0.999999	0.796809	0.60423	-0.00126887	10.4074	18.5933	19.385	0.592619	-0.805477	0.00321904	0.00630894	0.000645353	-0.99998	0.805458	0.592627	0.00546415	6.8129	14.6035	14.5865	0.578115	0.00175206	-0.815954	-0.00555644	0.999983	-0.0017896	0.815937	0.00556839	0.578115	8.54725	14.5868	17.0344	0.624944	-0.780666	-0.00240182	-0.00548867	-0.00131724	-0.999984	0.78065	0.624947	-0.00510802	10.4221	14.5703	19.3763	0.575098	-0.818074	-0.0041565	-0.017592	-0.00728707	-0.999819	0.817896	0.575066	-0.0185823
0.048	5.00095	16.6001	12.1914	0.602996	-0.00191296	-0.797742	0.00131014	0.999998	-0.00140765	0.797743	-0.000196348	0.602998	6.80611	18.604	14.5843	0.596349	0.000415341	-0.802725	-0.0018617	0.999998	-0.000865654	0.802723	0.00201066	0.596348	8.59516	18.5985	16.9925	0.604039	-0.796954	-0.00105457	-0.00186095	-8.72232e-05	-0.999998	0.796953	0.60404	-0.00153578	10.4073	18.5929	19.3833	0.592296	-0.805712	0.00380774	0.00718766	0.00055799	-0.999974	0.805689	0.592308	0.00612168	6.81376	14.604	14.5851	0.575569	0.00128265	-0.817752	-0.00605456	0.999978	-0.00269299	0.817731	0.00650113	0.575565	8.54047	14.5859	17.0383	0.627854	-0.778329	-0.00193385	-0.00591745	-0.00228885	-0.99998	0.778309	0.627853	-0.00604279	10.424	14.5681	19.3732	0.571347	-0.820699	-0.00402209	-0.020465	-0.00934756	-0.999747	0.820454	0.571284	-0.0221363
0.052	5.00113	16.6001	12.1899	0.603034	-0.00215666	-0.797712	0.00158438	0.999998	-0.00150582	0.797714	-0.000355815	0.603036	6.80592	18.6048	14.5823	0.596837	0.000327013	-0.802362	-0.00209331	0.999997	-0.00114954	0.80236	0.00236568	0.596836	8.59643	18.5985	16.9894	0.602976	-0.797758	-0.000965956	-0.00209053	-0.000369272	-0.999998	0.797756	0.602977	-0.0018904	10.4054	18.5923	19.3827	0.593123	-0.805099	0.00454107	0.00822361	0.000418205	-0.999966	0.80507	0.59314	0.00686887	6.81455	14.6048	14.5837	0.573063	0.000565862	-0.819511	-0.00650416	0.999971	-0.00385772	0.819486	0.00754095	0.57305	8.53373	14.5853	17.0422	0.63077	-0.775969	-0.00121846	-0.006266	-0.0035233	-0.999974	0.775945	0.630761	-0.00708461	10.426	14.5665	19.37	0.567516	-0.823353	-0.00404073	-0.0236415	-0.0113895	-0.999656	0.823023	0.567416	-0.025929
0.056	5.00136	16.6	12.1882	0.603082	-0.00243649	-0.797675	0.00196667	0.999997	-0.00156758	0.797677	-0.000623386	0.603085	6.80573	18.6059	14.58	0.597014	0.000288216	-0.802231	-0.00245987	0.999996	-0.00147135	0.802227	0.0028518	0.597012	8.59677	18.5986	16.9866	0.602404	-0.798191	-0.000927054	-0.00245527	-0.000691579	-0.999997	0.798188	0.602404	-0.00237638	10.404	18.5912	19.3812	0.593568	-0.804765	0.0054634	0.00953849	0.000246774	-0.999954	0.804727	0.593593	0.00782272	6.81548	14.6059	14.5825	0.570326	-0.000361983	-0.821418	-0.00694017	0.999962	-0.00525935	0.821389	0.00870033	0.570302	8.52645	14.5851	17.0466	0.634192	-0.773175	-0.000292135	-0.00656101	-0.0050038	-0.999966	0.773147	0.634173	-0.00824618	10.429	14.5654	19.3661	0.562961	-0.826473	-0.00411493	-0.0270675	-0.0134607	-0.999543	0.82604	0.562815	-0.0299484
0.06	5.00162	16.6	12.1864	0.603076	-0.00273346	-0.797679	0.00244394	0.999996	-0.00157903	0.79768	-0.000997204	0.60308	6.80538	18.6073	14.5774	0.597041	0.000294025	-0.80221	-0.00292889	0.999994	-0.00181329	0.802205	0.00343219	0.597039	8.5965	18.5985	16.984	0.602058	-0.798452	-0.000932847	-0.00292245	-0.00103531	-0.999995	0.798447	0.602058	-0.00295675	10.4027	18.5898	19.3794	0.593989	-0.804447	0.00653585	0.0110475	3.31235e-05	-0.999939	0.804397	0.594025	0.0089068	6.81631	14.6073	14.5814	0.567763	-0.00136804	-0.823191	-0.00741432	0.99995	-0.00677553	0.823159	0.0099503	0.567724	8.5196	14.5851	17.0509	0.637341	-0.770582	0.000712515	-0.00686505	-0.00660262	-0.999955	0.770551	0.637307	-0.0094982	10.4316	14.5645	19.3625	0.558485	-0.829505	-0.00395441	-0.0304144	-0.0157129	-0.999414	0.828957	0.558278	-0.0340043
0.064	5.0019	16.6	12.1845	0.602993	-0.0030195	-0.79774	0.00297155	0.999994	-0.00153892	0.797741	-0.00144257	0.602999	6.80484	18.6089	14.5748	0.596876	0.000351979	-0.802333	-0.00346566	0.999992	-0.0021395	0.802326	0.00405763	0.596873	8.59547	18.5985	16.9818	0.602204	-0.798341	-0.000990898	-0.00345664	-0.00136622	-0.999993	0.798334	0.602204	-0.00358233	10.4021	18.5881	19.3768	0.59396	-0.804457	0.00772847	0.0127187	-0.000215593	-0.999919	0.804394	0.594011	0.0101036	6.81692	14.6089	14.5806	0.565478	-0.0025658	-0.82476	-0.00771813	0.999935	-0.00840253	0.824728	0.011117	0.565421	8.51336	14.5857	17.0547	0.640172	-0.768229	0.00190902	-0.00697253	-0.00829508	-0.999941	0.7682	0.640121	-0.0106668	10.4339	14.5648	19.3593	0.55411	-0.832432	-0.00443021	-0.0345968	-0.0177115	-0.999244	0.831724	0.553845	-0.0386136
0.068	5.00222	16.5999	12.1824	0.602816	-0.00335765	-0.797873	0.00361505	0.999992	-0.00147694	0.797872	-0.00199403	0.602823	6.80395	18.6107	14.5721	0.596767	0.000526595	-0.802414	-0.00415632	0.999988	-0.00243486	0.802404	0.00478814	0.596763	8.59425	18.5983	16.9793	0.602462	-0.798147	-0.00116558	-0.00414456	-0.00166808	-0.99999	0.798137	0.602461	-0.00431292	10.4016	18.5858	19.3737	0.593763	-0.804588	0.00912848	0.0146832	-0.000508553	-0.999892	0.804506	0.593833	0.0115119	6.81738	14.6108	14.58	0.56325	-0.00374016	-0.826278	-0.00803255	0.999918	-0.0100017	0.826248	0.0122706	0.563174	8.50713	14.5867	17.0588	0.643286	-0.76562	0.00308217	-0.00706873	-0.00996468	-0.999925	0.765593	0.643216	-0.0118221	10.437	14.5655	19.3556	0.549079	-0.835757	-0.00474523	-0.0389857	-0.0199407	-0.999041	0.834861	0.548737	-0.0435316
0.072	5.00256	16.5998	12.1803	0.602519	-0.00374027	-0.798096	0.00433246	0.99999	-0.00141568	0.798093	-0.00260475	0.602529	6.80264	18.6128	14.5694	0.597046	0.000800881	-0.802206	-0.00495139	0.999984	-0.00268677	0.802192	0.00557616	0.597041	8.59378	18.598	16.9759	0.602175	-0.798362	-0.0014397	-0.00493917	-0.00192215	-0.999986	0.798348	0.602174	-0.00510072	10.4003	18.5831	19.371	0.594085	-0.804331	0.0107152	0.0168609	-0.00086643	-0.999857	0.804226	0.594181	0.013047	6.8176	14.6128	14.5798	0.561166	-0.00481614	-0.827689	-0.00825263	0.999901	-0.0114134	0.827662	0.0132354	0.561071	8.5011	14.5881	17.0628	0.646347	-0.763032	0.00415703	-0.00707162	-0.0114378	-0.99991	0.763011	0.646259	-0.0127886	10.4401	14.5669	19.3518	0.543879	-0.839147	-0.00522139	-0.0439044	-0.0222412	-0.998788	0.838014	0.54345	-0.0489388
0.076	5.00293	16.5997	12.1781	0.602137	-0.00412984	-0.798382	0.00506909	0.999986	-0.0013496	0.798377	-0.00323443	0.602149	6.80108	18.6149	14.5667	0.597294	0.00118988	-0.802022	-0.00575752	0.999979	-0.00280426	0.802002	0.00629262	0.597288	8.59297	18.5976	16.9727	0.602405	-0.798188	-0.00182855	-0.00574458	-0.00204469	-0.999981	0.79817	0.602404	-0.00581699	10.4002	18.5804	19.3672	0.593498	-0.804742	0.0123072	0.0190764	-0.00122168	-0.999817	0.80461	0.593624	0.0146265	6.8176	14.615	14.5797	0.559177	-0.00576701	-0.829029	-0.00829835	0.999887	-0.0125528	0.829007	0.0138988	0.559065	8.49513	14.5901	17.0667	0.649332	-0.760488	0.00510683	-0.00691577	-0.0126194	-0.999896	0.760474	0.64923	-0.0134536	10.4431	14.5693	19.3481	0.538644	-0.842511	-0.00611228	-0.0496565	-0.0245033	-0.998466	0.841069	0.538121	-0.0550347
0.08	5.00334	16.5996	12.1757	0.601648	-0.00454652	-0.798749	0.00584832	0.999982	-0.00128677	0.79874	-0.00389716	0.601663	6.79919	18.6171	14.5642	0.597776	0.00169312	-0.801661	-0.00659026	0.999974	-0.00280221	0.801636	0.00695825	0.597772	8.59252	18.5974	16.9691	0.602508	-0.79811	-0.0023315	-0.00657828	-0.00204485	-0.999976	0.798086	0.602509	-0.00648222	10.4	18.5776	19.3633	0.59284	-0.8052	0.0139442	0.0213374	-0.00160381	-0.999771	0.805038	0.593002	0.01623	6.81738	14.6172	14.5798	0.557205	-0.00633324	-0.830351	-0.00832151	0.999878	-0.0132104	0.830333	0.0142707	0.557084	8.48899	14.5922	17.0708	0.652601	-0.757681	0.00567201	-0.00677556	-0.0133211	-0.999888	0.757672	0.652489	-0.013827	10.4468	14.5719	19.3438	0.532758	-0.846243	-0.00644417	-0.0555041	-0.0273425	-0.998084	0.844446	0.532095	-0.0615369
0.084	5.00378	16.5995	12.1733	0.601063	-0.00495508	-0.799186	0.00665394	0.999977	-0.00119563	0.799174	-0.00459909	0.601082	6.79706	18.6194	14.5616	0.598112	0.00234796	-0.801409	-0.00745193	0.999969	-0.00263186	0.801378	0.00754619	0.59811	8.5914	18.5971	16.9658	0.603301	-0.797508	-0.00298614	-0.00743986	-0.00188389	-0.999971	0.797479	0.603305	-0.0070699	10.4013	18.5747	19.3582	0.591203	-0.806372	0.0155833	0.0236809	-0.00195782	-0.999718	0.806175	0.591405	0.0179382	6.81688	14.6195	14.58	0.555474	-0.00663297	-0.831507	-0.00817358	0.999876	-0.0134363	0.831494	0.0142599	0.555351	8.4833	14.595	17.0745	0.655653	-0.755039	0.00597082	-0.00651876	-0.0135678	-0.999887	0.755035	0.655539	-0.0138176	10.4503	14.5754	19.3396	0.526721	-0.850008	-0.00711866	-0.062134	-0.0301475	-0.997612	0.847764	0.525906	-0.0686937
0.088	5.00426	16.5993	12.1708	0.600378	-0.00534629	-0.799699	0.00745799	0.999972	-0.00108607	0.799682	-0.0053121	0.6004	6.7947	18.6216	14.5592	0.598563	0.00307198	-0.80107	-0.00827892	0.999963	-0.00235135	0.801033	0.00803942	0.598567	8.59039	18.5968	16.9623	0.604013	-0.796966	-0.00370989	-0.00826812	-0.00161148	-0.999965	0.796931	0.604022	-0.00756276	10.4024	18.572	19.3531	0.589705	-0.807435	0.0172253	0.0259814	-0.00235074	-0.99966	0.807201	0.589952	0.0195921	6.81609	14.6218	14.5805	0.554006	-0.00651731	-0.832487	-0.0079073	0.999883	-0.01309	0.832475	0.0138346	0.55389	8.4781	14.598	17.0779	0.658419	-0.752629	0.00585437	-0.00622638	-0.0132247	-0.999893	0.752626	0.658312	-0.0133936	10.4534	14.5794	19.3358	0.520771	-0.853662	-0.00766927	-0.0691731	-0.0332412	-0.997051	0.850889	0.519766	-0.0763615
0.092	5.0048	16.5991	12.1682	0.599632	-0.00572222	-0.800255	0.00825265	0.999965	-0.000966533	0.800233	-0.00602466	0.599659	6.79225	18.6238	14.5569	0.59893	0.00385317	-0.800792	-0.00904139	0.999957	-0.00195076	0.80075	0.00840865	0.598939	8.58904	18.5967	16.9591	0.605024	-0.796195	-0.00449086	-0.00903232	-0.00122344	-0.999958	0.796156	0.605039	-0.00793169	10.4041	18.5696	19.3476	0.587925	-0.808697	0.0187881	0.0281805	-0.00273597	-0.999599	0.808425	0.588219	0.021181	6.81514	14.624	14.581	0.552436	-0.00599451	-0.833533	-0.00755224	0.999897	-0.0121963	0.833521	0.0130327	0.552334	8.47245	14.6013	17.0815	0.661621	-0.74982	0.00533074	-0.00591596	-0.0123288	-0.999906	0.749815	0.661527	-0.0125929	10.4573	14.5836	19.331	0.51404	-0.857731	-0.00780893	-0.0764288	-0.0367325	-0.996398	0.854355	0.512785	-0.0844373
0.096	5.00539	16.5989	12.1656	0.598788	-0.00609894	-0.800884	0.00906303	0.999959	-0.000838889	0.800856	-0.00675612	0.598819	6.78956	18.626	14.5546	0.599266	0.00471933	-0.800536	-0.009797	0.999951	-0.00143892	0.80049	0.00870515	0.599282	8.58735	18.5966	16.9561	0.606443	-0.795109	-0.00535681	-0.00979082	-0.000730747	-0.999952	0.795066	0.606467	-0.00822792	10.4067	18.5672	19.3413	0.585553	-0.81038	0.0202876	0.0304092	-0.00305029	-0.999533	0.810064	0.585896	0.022857	6.81395	14.6262	14.5816	0.550944	-0.00531236	-0.834525	-0.00702273	0.999915	-0.0110015	0.834512	0.0119219	0.55086	8.46678	14.6051	17.0852	0.664869	-0.746945	0.00464781	-0.0054875	-0.0111065	-0.999923	0.74694	0.664793	-0.0114832	10.4614	14.5886	19.326	0.50691	-0.861957	-0.00849244	-0.084496	-0.039882	-0.995625	0.857848	0.50541	-0.0930486
0.1	5.00602	16.5987	12.1628	0.597791	-0.0064952	-0.801626	0.00990528	0.999951	-0.000715546	0.801591	-0.00751258	0.597825	6.7864	18.6283	14.5526	0.600028	0.00561451	-0.799959	-0.0105764	0.999944	-0.000914985	0.799909	0.00900972	0.600053	8.58648	18.5965	16.9523	0.607384	-0.794384	-0.00625153	-0.0105749	-0.000216292	-0.999944	0.794338	0.607416	-0.00853188	10.4086	18.5648	19.3353	0.583558	-0.811778	0.0218228	0.0327225	-0.00334511	-0.999459	0.811412	0.583956	0.0246114	6.81238	14.6285	14.5826	0.54981	-0.00419888	-0.83528	-0.00646237	0.999936	-0.00928035	0.835265	0.0105003	0.549747	8.46181	14.6091	17.0884	0.667704	-0.744418	0.00353372	-0.00513144	-0.00934932	-0.999943	0.744409	0.667648	-0.0100625	10.4649	14.5937	19.3216	0.499981	-0.865993	-0.00863457	-0.0925437	-0.0435116	-0.994757	0.861078	0.498159	-0.101897
0.104	5.0067	16.5984	12.16	0.596669	-0.00690269	-0.802458	0.0107664	0.999942	-0.00059607	0.802415	-0.0082839	0.596709	6.7829	18.6305	14.5507	0.601069	0.00652089	-0.799171	-0.0113503	0.999936	-0.000377682	0.799117	0.00929783	0.601104	8.58611	18.5965	16.9481	0.608184	-0.793764	-0.00715728	-0.0113536	0.000317172	-0.999935	0.793715	0.608226	-0.00881915	10.4107	18.5624	19.3292	0.581444	-0.813253	0.0232773	0.0350734	-0.00352859	-0.999379	0.81283	0.581899	0.0264719	6.81051	14.6308	14.5839	0.548817	-0.00303831	-0.835937	-0.0058157	0.999955	-0.00745263	0.835922	0.00895169	0.548775	8.45696	14.6133	17.0916	0.670697	-0.741728	0.00237263	-0.00472435	-0.00747059	-0.999961	0.741716	0.67066	-0.00851468	10.4691	14.5992	19.3168	0.492412	-0.870317	-0.00884141	-0.100944	-0.047017	-0.99378	0.864489	0.490242	-0.111005
0.108	5.00743	16.598	12.1572	0.595427	-0.00733607	-0.803376	0.0116615	0.999932	-0.000487946	0.803325	-0.00907803	0.595472	6.77904	18.6329	14.549	0.602709	0.00733775	-0.797927	-0.0121552	0.999926	1.39918e-05	0.797869	0.00969053	0.602753	8.58717	18.5964	16.9426	0.607899	-0.793974	-0.00797316	-0.0121602	0.000730985	-0.999926	0.793921	0.607951	-0.00921054	10.4109	18.5599	19.3244	0.580542	-0.813851	0.0248488	0.0375323	-0.00373787	-0.999288	0.813365	0.581061	0.0283757	6.80839	14.6332	14.5853	0.547987	-0.00192224	-0.836485	-0.00508745	0.999971	-0.00563076	0.836471	0.00734116	0.547962	8.45235	14.6179	17.0947	0.673694	-0.739009	0.00125613	-0.0042565	-0.00558	-0.999975	0.738998	0.673672	-0.0069048	10.4734	14.6051	19.3117	0.484415	-0.874789	-0.00927587	-0.109732	-0.0502381	-0.992691	0.867929	0.481893	-0.120328
0.112	5.00824	16.5977	12.1543	0.594143	-0.00781023	-0.804322	0.0126524	0.99992	-0.000363349	0.80426	-0.00996075	0.594194	6.77504	18.6355	14.5472	0.604266	0.00816208	-0.796741	-0.013091	0.999914	0.000314983	0.796675	0.0102398	0.604321	8.58784	18.5962	16.9372	0.607858	-0.793997	-0.00879654	-0.0130958	0.00105211	-0.999914	0.793938	0.607921	-0.00975853	10.4114	18.557	19.319	0.579342	-0.814655	0.0264404	0.0402727	-0.0037894	-0.999182	0.814089	0.579933	0.030613	6.80628	14.6358	14.587	0.547267	-0.000690607	-0.836958	-0.00445552	0.999983	-0.00373848	0.836946	0.00577503	0.547255	8.44809	14.6225	17.0979	0.676488	-0.736454	2.41147e-05	-0.00391579	-0.00362969	-0.999986	0.736443	0.676478	-0.00533923	10.4775	14.6107	19.3072	0.476538	-0.879108	-0.00900277	-0.118163	-0.0538986	-0.99153	0.871177	0.473566	-0.129563
0.116	5.00912	16.5974	12.1514	0.592819	-0.00831093	-0.805293	0.0137173	0.999906	-0.000221344	0.805219	-0.0109152	0.592878	6.77096	18.6383	14.5452	0.605783	0.00892472	-0.79558	-0.0141228	0.9999	0.000463144	0.795505	0.0109553	0.605849	8.58831	18.596	16.9317	0.607833	-0.794007	-0.00955826	-0.014126	0.00122296	-0.999899	0.793939	0.607907	-0.0104728	10.4118	18.5536	19.3135	0.578285	-0.815351	0.0280797	0.0432228	-0.00375075	-0.999058	0.814689	0.578954	0.0330728	6.8042	14.6387	14.5889	0.546487	7.79235e-05	-0.837467	-0.00377407	0.99999	-0.00236972	0.837459	0.00445568	0.546482	8.44366	14.6274	17.1012	0.679575	-0.733605	-0.000744821	-0.00345562	-0.00218583	-0.999992	0.733598	0.679572	-0.0040205	10.4824	14.617	19.302	0.467969	-0.883694	-0.00950104	-0.127093	-0.0566564	-0.990271	0.874558	0.464624	-0.138825
0.12	5.01008	16.597	12.1484	0.591432	-0.00881081	-0.806306	0.0148405	0.99989	-4.05247e-05	0.806218	-0.011942	0.591498	6.76676	18.6413	14.5432	0.607193	0.00959774	-0.794496	-0.0152136	0.999884	0.000451924	0.794409	0.0118127	0.607269	8.58834	18.5956	16.9264	0.607985	-0.793882	-0.0102304	-0.0152148	0.00123298	-0.999883	0.793803	0.60807	-0.0113291	10.4123	18.55	19.3078	0.577244	-0.816032	0.0297049	0.0463041	-0.00360778	-0.998921	0.815258	0.577996	0.0357031	6.802	14.6417	14.5909	0.545887	0.000431733	-0.837859	-0.0031469	0.999994	-0.00153501	0.837853	0.0034746	0.545885	8.43966	14.6323	17.1045	0.682558	-0.73083	-0.00109894	-0.00297174	-0.00127177	-0.999995	0.730825	0.682558	-0.0030399	10.4873	14.6234	19.297	0.459075	-0.888342	-0.00991416	-0.136008	-0.0592489	-0.988934	0.877925	0.455343	-0.148021
0.124	5.01111	16.5966	12.1454	0.589962	-0.00931861	-0.807377	0.0160347	0.999871	0.000176419	0.807272	-0.0130501	0.590035	6.76236	18.6444	14.5411	0.608584	0.0101906	-0.793424	-0.0163983	0.999866	0.000263991	0.79332	0.0128501	0.60867	8.58812	18.5952	16.921	0.608196	-0.793713	-0.0108224	-0.0163977	0.00106824	-0.999865	0.793618	0.608291	-0.0123654	10.4127	18.546	19.3019	0.576308	-0.81663	0.0313716	0.0495987	-0.00336586	-0.998764	0.815726	0.577152	0.038564	6.79964	14.6449	14.5933	0.545655	0.000383637	-0.83801	-0.00258874	0.999996	-0.00122782	0.838006	0.00283936	0.545654	8.4366	14.6372	17.1073	0.685056	-0.728489	-0.00105097	-0.00247187	-0.000881836	-0.999997	0.728486	0.685057	-0.00240484	10.4918	14.6298	19.2928	0.45048	-0.892725	-0.0104495	-0.144911	-0.0615648	-0.987527	0.880948	0.446375	-0.1571
0.128	5.01223	16.5961	12.1423	0.588415	-0.00986397	-0.808499	0.0173059	0.99985	0.000396475	0.808374	-0.0142251	0.588498	6.75774	18.6478	14.539	0.610217	0.0106779	-0.792162	-0.0176764	0.999844	-0.000139171	0.792037	0.0140875	0.610311	8.5884	18.5947	16.9151	0.607896	-0.793936	-0.0113087	-0.0176744	0.000708777	-0.999844	0.79382	0.608	-0.0136015	10.4121	18.5417	19.2965	0.576098	-0.816706	0.0331881	0.053092	-0.00312832	-0.998585	0.815654	0.577045	0.0415584	6.7972	14.6484	14.5959	0.545467	-0.000512715	-0.838132	-0.00203119	0.999996	-0.00193366	0.83813	0.00275715	0.545464	8.4336	14.6423	17.1103	0.687761	-0.725937	-0.000154712	-0.0017926	-0.00148521	-0.999997	0.725935	0.687759	-0.00232278	10.4969	14.6369	19.2881	0.441291	-0.897282	-0.0121017	-0.154401	-0.0626374	-0.986021	0.883981	0.436991	-0.166183
0.132	5.01343	16.5957	12.1392	0.586809	-0.0104358	-0.809658	0.0186335	0.999826	0.000617946	0.809511	-0.0154494	0.586901	6.75298	18.6512	14.5369	0.61177	0.0111942	-0.790957	-0.0189758	0.99982	-0.00052674	0.790808	0.0153313	0.611872	8.58829	18.5943	16.9093	0.608073	-0.793793	-0.0118241	-0.0189744	0.000357969	-0.99982	0.793654	0.608188	-0.0148441	10.4125	18.5374	19.2902	0.575119	-0.817331	0.0347675	0.0566302	-0.0026213	-0.998392	0.816107	0.576163	0.0447781	6.79473	14.6519	14.5986	0.545273	-0.00202146	-0.838256	-0.00162904	0.999993	-0.00347115	0.838257	0.00325828	0.545266	8.43054	14.647	17.1134	0.690609	-0.723227	0.00135393	-0.00110741	-0.00292953	-0.999995	0.723227	0.690605	-0.00282407	10.5024	14.6437	19.2831	0.431691	-0.901926	-0.0131345	-0.163639	-0.0639865	-0.984443	0.887054	0.427124	-0.175212
0.136	5.0147	16.5952	12.1361	0.585098	-0.0110062	-0.810888	0.0199545	0.999801	0.000827948	0.810717	-0.0166653	0.585201	6.74798	18.6546	14.5349	0.613654	0.0116464	-0.789489	-0.020222	0.999795	-0.000969323	0.789316	0.0165598	0.613764	8.58894	18.594	16.9029	0.60786	-0.793949	-0.0122751	-0.0202227	-2.51592e-05	-0.999796	0.793787	0.607984	-0.0160711	10.4125	18.5333	19.2842	0.574408	-0.817765	0.0362663	0.0601006	-0.00205242	-0.99819	0.81636	0.575548	0.0479693	6.79201	14.6554	14.6016	0.545341	-0.00404772	-0.838205	-0.00119518	0.999984	-0.00560655	0.838214	0.00405929	0.545327	8.42803	14.6518	17.1162	0.693065	-0.720867	0.00338023	-0.000270475	-0.0049491	-0.999988	0.720875	0.693056	-0.00362503	10.5072	14.651	19.2789	0.42242	-0.906277	-0.014936	-0.173262	-0.0645619	-0.982757	0.889686	0.417724	-0.184296
0.14	5.01606	16.5946	12.133	0.583328	-0.011591	-0.812154	0.0213155	0.999772	0.00104114	0.811957	-0.0179188	0.583442	6.74286	18.6581	14.533	0.615499	0.0122009	-0.788044	-0.0214758	0.999769	-0.0012946	0.787845	0.0177207	0.615618	8.58936	18.5937	16.8965	0.608012	-0.793824	-0.0128285	-0.0214795	-0.000295152	-0.999769	0.793637	0.608147	-0.0172304	10.4134	18.5292	19.2775	0.573066	-0.818646	0.0376006	0.0636357	-0.00129104	-0.997972	0.817035	0.574297	0.0513552	6.78923	14.659	14.6047	0.545527	-0.00667847	-0.838067	-0.000819803	0.999964	-0.00850225	0.838093	0.00532525	0.545502	8.42581	14.6566	17.119	0.695487	-0.718514	0.00601109	0.000666383	-0.00772073	-0.99997	0.718539	0.69547	-0.00489086	10.5123	14.6586	19.2746	0.412937	-0.910602	-0.0169591	-0.183126	-0.0647742	-0.980953	0.892159	0.408177	-0.193503
0.144	5.01751	16.594	12.1298	0.581501	-0.0121794	-0.813455	0.0227007	0.999742	0.00125909	0.813229	-0.0191981	0.581627	6.73766	18.6616	14.5311	0.617396	0.0127938	-0.786548	-0.0227044	0.999741	-0.0015601	0.786324	0.0188213	0.617527	8.58985	18.5935	16.8901	0.608138	-0.793718	-0.0134202	-0.0227118	-0.000497906	-0.999742	0.793506	0.608286	-0.0183295	10.4143	18.5254	19.2706	0.571766	-0.819492	0.038946	0.0671722	-0.000550643	-0.997741	0.817662	0.57309	0.0547322	6.78637	14.6627	14.6079	0.545838	-0.00965253	-0.837835	-0.000536003	0.999929	-0.0118692	0.837891	0.00692774	0.545794	8.42389	14.6611	17.1216	0.697861	-0.716177	0.00898534	0.00162005	-0.0109669	-0.999939	0.716231	0.697833	-0.0064931	10.5175	14.6659	19.2703	0.403243	-0.914912	-0.0181805	-0.192849	-0.0655425	-0.979037	0.894541	0.398296	-0.202869
0.148	5.01906	16.5934	12.1267	0.579653	-0.0127309	-0.814764	0.024053	0.99971	0.00149153	0.814508	-0.0204621	0.579791	6.73256	18.665	14.5293	0.619037	0.0134689	-0.785246	-0.0238295	0.999715	-0.00163812	0.785	0.0197261	0.619182	8.58967	18.5935	16.8843	0.608867	-0.793147	-0.0140942	-0.0238384	-0.000534866	-0.999716	0.792914	0.60903	-0.019233	10.4163	18.522	19.263	0.569822	-0.820788	0.0401305	0.0705995	0.000242219	-0.997505	0.81873	0.571233	0.0580853	6.78348	14.6661	14.6111	0.546319	-0.0128398	-0.837479	-0.000134992	0.999881	-0.0154177	0.837577	0.00853602	0.546252	8.42244	14.6657	17.1238	0.699873	-0.714163	0.0121728	0.00273348	-0.0143643	-0.999893	0.714262	0.699832	-0.00810103	10.5221	14.6739	19.2666	0.393936	-0.918908	-0.0205578	-0.203221	-0.0652646	-0.976955	0.89639	0.389036	-0.212452
0.152	5.02073	16.5927	12.1235	0.577797	-0.0132941	-0.816072	0.0254316	0.999675	0.00172109	0.815784	-0.0217484	0.577947	6.72753	18.6684	14.5273	0.620313	0.0143859	-0.784223	-0.0249244	0.999688	-0.00137653	0.783959	0.0204002	0.620478	8.58847	18.5936	16.8792	0.610542	-0.791842	-0.0150104	-0.0249297	-0.000271372	-0.999689	0.791592	0.610726	-0.0199061	10.4201	18.5188	19.254	0.566706	-0.822894	0.0411071	0.0740406	0.00117271	-0.997255	0.820587	0.568194	0.0615922	6.7807	14.6697	14.6143	0.546747	-0.0159929	-0.837145	0.000220787	0.99982	-0.0189564	0.837298	0.0101795	0.546653	8.42095	14.6703	17.1262	0.701959	-0.712053	0.0153262	0.00381909	-0.0177555	-0.999835	0.712207	0.701901	-0.00974423	10.5268	14.6818	19.2629	0.384577	-0.922826	-0.0222022	-0.213549	-0.065543	-0.974731	0.898052	0.3796	-0.222275
0.156	5.0225	16.592	12.1203	0.575871	-0.013911	-0.817422	0.0268752	0.999637	0.00192156	0.817099	-0.0230749	0.576036	6.72229	18.6719	14.5255	0.621737	0.0154874	-0.783073	-0.0260515	0.99966	-0.000913139	0.782792	0.020968	0.621929	8.5875	18.5937	16.8738	0.612121	-0.7906	-0.016111	-0.026051	0.000201311	-0.999661	0.790335	0.612333	-0.0204727	10.4239	18.5156	19.2449	0.563615	-0.824956	0.0422633	0.0776078	0.00194581	-0.996982	0.822384	0.565194	0.0651197	6.77793	14.6733	14.6178	0.547203	-0.0191732	-0.83678	0.000556873	0.999746	-0.0225431	0.836999	0.0118697	0.547075	8.41954	14.675	17.1288	0.704111	-0.709849	0.0185069	0.00491305	-0.0211921	-0.999763	0.710073	0.704035	-0.011434	10.5319	14.6898	19.259	0.374974	-0.926734	-0.0236436	-0.224079	-0.0658591	-0.972343	0.899546	0.369901	-0.232357
0.16	5.02436	16.5912	12.1172	0.57386	-0.0145577	-0.818824	0.0283503	0.999596	0.00209728	0.818463	-0.0244174	0.574041	6.71682	18.6755	14.5237	0.623266	0.0168446	-0.781828	-0.0271819	0.99963	-0.000131922	0.781537	0.0213338	0.623494	8.58662	18.5939	16.8683	0.613897	-0.789193	-0.0174672	-0.027172	0.000988258	-0.99963	0.788918	0.614145	-0.0208373	10.4283	18.5124	19.2351	0.559991	-0.827358	0.0434492	0.0813016	0.00268679	-0.996686	0.8245	0.561668	0.0687701	6.77505	14.6771	14.6214	0.54797	-0.0220572	-0.836207	0.000989062	0.999669	-0.0257208	0.836497	0.0132672	0.54781	8.41896	14.68	17.1309	0.705745	-0.708143	0.0213913	0.00600873	-0.0242098	-0.999689	0.70844	0.705654	-0.0128309	10.5362	14.6981	19.2562	0.36595	-0.930278	-0.0257444	-0.235087	-0.065641	-0.969755	0.900452	0.360934	-0.242718
0.164	5.02632	16.5904	12.114	0.571772	-0.0152753	-0.82027	0.0298881	0.999551	0.00221961	0.819868	-0.0257854	0.571972	6.71108	18.6792	14.522	0.625286	0.0182801	-0.780182	-0.0283297	0.999598	0.000716024	0.779881	0.0216546	0.625553	8.58694	18.5942	16.8617	0.614861	-0.788409	-0.0189014	-0.0283071	0.00188846	-0.999597	0.788128	0.615148	-0.0211564	10.4315	18.5093	19.2261	0.55713	-0.829204	0.045023	0.0850935	0.00307355	-0.996368	0.826054	0.558937	0.0722722	6.77218	14.681	14.6252	0.548858	-0.0244153	-0.835559	0.00135419	0.999598	-0.0283191	0.835914	0.0144117	0.548671	8.41876	14.685	17.1329	0.707256	-0.706558	0.02375	0.00692088	-0.0266731	-0.99962	0.706923	0.707152	-0.0139747	10.5405	14.7058	19.2537	0.357166	-0.933674	-0.0261928	-0.24572	-0.0668688	-0.967032	0.90114	0.351827	-0.253306
0.168	5.0284	16.5896	12.1108	0.569689	-0.0160986	-0.821703	0.0315547	0.999499	0.002295	0.821255	-0.027236	0.569911	6.70527	18.6832	14.5201	0.627269	0.0200441	-0.778545	-0.0295897	0.99956	0.00189403	0.77824	0.0218488	0.627586	8.58707	18.5944	16.8549	0.616095	-0.787401	-0.0206641	-0.0295483	0.00311202	-0.999559	0.787118	0.616433	-0.021349	10.4354	18.5058	19.2162	0.553666	-0.83143	0.0466703	0.0891546	0.00346114	-0.996012	0.827953	0.555618	0.0760421	6.76966	14.6852	14.6291	0.549558	-0.0266787	-0.83503	0.00168931	0.999523	-0.0308224	0.835454	0.015528	0.549341	8.41833	14.6903	17.1354	0.709042	-0.704686	0.0260137	0.00780762	-0.0290427	-0.999548	0.705123	0.708924	-0.0150906	10.5455	14.7137	19.2508	0.348023	-0.937103	-0.0267908	-0.256606	-0.0677351	-0.96414	0.901684	0.342417	-0.26404
0.172	5.03059	16.5887	12.1077	0.567603	-0.0170178	-0.823127	0.0333394	0.999441	0.00232686	0.822627	-0.0287633	0.567853	6.69937	18.6876	14.5181	0.629317	0.0219773	-0.776838	-0.0309539	0.999516	0.0032012	0.776532	0.0220316	0.629693	8.58732	18.5947	16.8477	0.617221	-0.786465	-0.0225959	-0.0308883	0.00447566	-0.999513	0.786183	0.617618	-0.0215301	10.439	18.502	19.2062	0.550239	-0.833593	0.0485782	0.0934512	0.00366514	-0.995617	0.829761	0.552367	0.079917	6.76744	14.6898	14.6331	0.550246	-0.0283161	-0.834523	0.00199757	0.999467	-0.0325957	0.835	0.0162686	0.550009	8.41817	14.6958	17.1381	0.710596	-0.703056	0.0276515	0.00851579	-0.0307033	-0.999492	0.703548	0.710471	-0.0158306	10.55	14.7213	19.2488	0.339425	-0.94025	-0.0268629	-0.267358	-0.0690556	-0.96112	0.901837	0.33341	-0.274822
0.176	5.0329	16.5878	12.1046	0.565535	-0.0180085	-0.824528	0.0352253	0.999377	0.00233333	0.823972	-0.0303638	0.565817	6.69349	18.6922	14.5157	0.631324	0.0238983	-0.775151	-0.0323669	0.999466	0.0044527	0.774844	0.0222782	0.63176	8.58746	18.5951	16.8403	0.618277	-0.785578	-0.0245155	-0.0322747	0.00578898	-0.999462	0.785298	0.618736	-0.0217751	10.4423	18.4983	19.1962	0.547021	-0.835577	0.0507811	0.0978667	0.00358819	-0.995193	0.831378	0.549361	0.083738	6.76552	14.6947	14.6372	0.550888	-0.0294456	-0.83406	0.00223087	0.999426	-0.0338102	0.834576	0.0167649	0.550637	8.41819	14.7014	17.1409	0.712064	-0.701525	0.0287814	0.00903702	-0.0318316	-0.999452	0.702057	0.711934	-0.0163264	10.5544	14.7285	19.2471	0.331172	-0.943217	-0.0258091	-0.277712	-0.0712931	-0.958015	0.901777	0.324436	-0.285553
0.18	5.03533	16.5868	12.1014	0.56349	-0.0190549	-0.825903	0.0372024	0.999305	0.00232661	0.825285	-0.0320366	0.563807	6.68769	18.697	14.5132	0.633179	0.0257157	-0.773578	-0.0338191	0.999413	0.00554189	0.773266	0.0226527	0.633677	8.58723	18.5956	16.833	0.619441	-0.784602	-0.0263317	-0.033702	0.00693309	-0.999408	0.78432	0.619962	-0.022148	10.4456	18.4944	19.186	0.543878	-0.837472	0.0532588	0.102415	0.00325153	-0.994736	0.832891	0.54647	0.0875385	6.76391	14.6998	14.6414	0.55145	-0.0305422	-0.833649	0.00250866	0.999386	-0.0349548	0.834204	0.0171844	0.551187	8.41826	14.7073	17.144	0.713632	-0.699883	0.0298783	0.00959825	-0.0328785	-0.999413	0.700455	0.7135	-0.0167455	10.5592	14.7361	19.2453	0.32267	-0.946164	-0.0256602	-0.288413	-0.0724642	-0.95476	0.9015	0.315473	-0.296268
0.184	5.03787	16.5858	12.0983	0.561447	-0.0201706	-0.827267	0.0392858	0.999225	0.00229913	0.826579	-0.0337907	0.561805	6.68187	18.7021	14.5104	0.635104	0.0272486	-0.771946	-0.0353277	0.999356	0.00621064	0.771618	0.0233266	0.635658	8.58718	18.5961	16.8253	0.620197	-0.783951	-0.0278633	-0.0351869	0.00768208	-0.999351	0.783657	0.620775	-0.0228204	10.4478	18.4906	19.1763	0.541489	-0.838826	0.0562211	0.107088	0.00249057	-0.994246	0.83386	0.544394	0.0911764	6.76255	14.7052	14.6456	0.552083	-0.0311096	-0.833209	0.00270161	0.999365	-0.0355234	0.833785	0.0173608	0.551816	8.4188	14.7133	17.147	0.714904	-0.698559	0.0304461	0.00994147	-0.0333836	-0.999393	0.699152	0.714773	-0.0169214	10.5635	14.7431	19.2444	0.314788	-0.948847	-0.0244557	-0.29863	-0.0745502	-0.951453	0.90096	0.306809	-0.306822
0.188	5.04052	16.5848	12.0951	0.559443	-0.021334	-0.828594	0.0414255	0.999139	0.0022443	0.827833	-0.0355805	0.559845	6.67618	18.7073	14.5075	0.636786	0.0286134	-0.77051	-0.0368122	0.9993	0.00668628	0.770161	0.0241064	0.637393	8.58654	18.5969	16.818	0.621455	-0.782904	-0.029227	-0.0366574	0.00820713	-0.999294	0.782592	0.622088	-0.0235989	10.4509	18.4869	19.1657	0.538453	-0.840588	0.0589896	0.111776	0.00186327	-0.993732	0.835209	0.541672	0.0949607	6.76152	14.7108	14.6498	0.55257	-0.0313751	-0.832876	0.00290953	0.999358	-0.0357163	0.833462	0.0173125	0.552306	8.41923	14.7195	17.1502	0.716197	-0.697222	0.0307119	0.0102279	-0.0335156	-0.999386	0.697823	0.716071	-0.0168726	10.5678	14.7502	19.2436	0.307193	-0.951355	-0.0235682	-0.308746	-0.076207	-0.948087	0.900171	0.298522	-0.317138
0.192	5.04329	16.5837	12.092	0.557432	-0.0225527	-0.829916	0.0435974	0.999047	0.0021344	0.829077	-0.037372	0.557884	6.67048	18.7126	14.5045	0.638776	0.0294358	-0.76883	-0.0382034	0.999249	0.00651685	0.768444	0.0252091	0.63942	8.58681	18.5979	16.8098	0.622037	-0.782411	-0.0300481	-0.0380367	0.00813526	-0.999243	0.782064	0.622709	-0.0246999	10.4529	18.4838	19.156	0.536206	-0.841807	0.0619932	0.116319	0.00094847	-0.993211	0.836034	0.539777	0.0984264	6.76069	14.7164	14.654	0.552833	-0.0317507	-0.832687	0.00310867	0.999345	-0.0360415	0.833286	0.0173364	0.55257	8.41919	14.7257	17.1538	0.717779	-0.695577	0.0310876	0.0105575	-0.0337707	-0.999374	0.696191	0.717657	-0.0168964	10.5725	14.7574	19.2424	0.299344	-0.953865	-0.0231429	-0.318837	-0.0771386	-0.944665	0.899297	0.290159	-0.327219
0.196	5.04616	16.5825	12.0888	0.55542	-0.0238087	-0.831229	0.0458072	0.998948	0.0019953	0.830307	-0.0391845	0.555927	6.66481	18.7179	14.5014	0.640822	0.0298478	-0.767109	-0.0395378	0.999201	0.00584957	0.766671	0.0265813	0.64149	8.58727	18.5992	16.8014	0.62254	-0.781995	-0.0304586	-0.0393699	0.00757652	-0.999196	0.781597	0.623238	-0.0260704	10.4549	18.4811	19.1462	0.533933	-0.843028	0.0649654	0.120859	4.8808e-05	-0.99267	0.836845	0.53787	0.101913	6.76004	14.7221	14.6581	0.553126	-0.0317765	-0.832491	0.00321517	0.999346	-0.0360092	0.833091	0.017241	0.552867	8.41942	14.7317	17.1574	0.719085	-0.694226	0.0311136	0.0107061	-0.0337001	-0.999375	0.69484	0.718968	-0.0168008	10.5767	14.7638	19.2419	0.292192	-0.956117	-0.0215353	-0.328249	-0.0791126	-0.941273	0.898263	0.282101	-0.33696
