time	torso_X	torso_Y	torso_Z	torso_R00	torso_R01	torso_R02	torso_R10	torso_R11	torso_R12	torso_r20	torso_R21	torso_R22	left_arm_X	left_arm_Y	left_arm_Z	left_arm_R00	left_arm_R01	left_arm_R02	left_arm_R10	left_arm_R11	left_arm_R12	left_arm_r20	left_arm_R21	left_arm_R22	left_forearm_X	left_forearm_Y	left_forearm_Z	left_forearm_R00	left_forearm_R01	left_forearm_R02	left_forearm_R10	left_forearm_R11	left_forearm_R12	left_forearm_r20	left_forearm_R21	left_forearm_R22	left_hand_X	left_hand_Y	left_hand_Z	left_hand_R00	left_hand_R01	left_hand_R02	left_hand_R10	left_hand_R11	left_hand_R12	left_hand_r20	left_hand_R21	left_hand_R22	right_arm_X	right_arm_Y	right_arm_Z	right_arm_R00	right_arm_R01	right_arm_R02	right_arm_R10	right_arm_R11	right_arm_R12	right_arm_r20	right_arm_R21	right_arm_R22	right_forearm_X	right_forearm_Y	right_forearm_Z	right_forearm_R00	right_forearm_R01	right_forearm_R02	right_forearm_R10	right_forearm_R11	right_forearm_R12	right_forearm_r20	right_forearm_R21	right_forearm_R22	right_hand_X	right_hand_Y	right_hand_Z	right_hand_R00	right_hand_R01	right_hand_R02	right_hand_R10	right_hand_R11	right_hand_R12	right_hand_r20	right_hand_R21	right_hand_R22
0.004	5	16.6	12.2	0.6	0	-0.8	0	1	0	0.8	0	0.6	6.8	18.6	14.6	0.6	0	-0.8	0	1	0	0.8	0	0.6	8.6	18.6	17	0.6	-0.8	-0.000637061	0	0.000796327	-1	0.8	0.6	0.000477796	10.4	18.6	19.4	0.6	-0.8	-0.000637061	0	0.000796327	-1	0.8	0.6	0.000477796	6.8	14.6	14.6	0.6	0	-0.8	0	1	0	0.8	0	0.6	8.6	14.6	17	0.6	-0.8	-0.000637061	0	0.000796327	-1	0.8	0.6	0.000477796	10.4	14.6	19.4	0.6	-0.8	-0.000637061	0	0.000796327	-1	0.8	0.6	0.000477796
0.008	5	16.6	12.2	0.6	0	-0.8	0	1	0	0.8	0	0.6	6.8	18.6	14.6	0.6	0	-0.8	0	1	0	0.8	0	0.6	8.6	18.6	17	0.6	-0.8	-0.000637061	0	0.000796327	-1	0.8	0.6	0.000477796	10.4	18.6	19.4	0.6	-0.8	-0.000637061	0	0.000796327	-1	0.8	0.6	0.000477796	6.8	14.6	14.6	0.6	0	-0.8	0	1	0	0.8	0	0.6	8.6	14.6	17	0.6	-0.8	-0.000637061	0	0.000796327	-1	0.8	0.6	0.000477796	10.4	14.6	19.4	0.6	-0.8	-0.000637061	0	0.000796327	-1	0.8	0.6	0.000477796
0.012	4.99999	16.6	12.1999	0.59992	-5.71672e-05	-0.80006	5.81045e-05	1	-2.78843e-05	0.80006	-2.97588e-05	0.59992	6.79963	18.6002	14.6	0.600312	4.28529e-05	-0.799766	-7.14349e-05	1	-3.79097e-08	0.799766	5.7154e-05	0.600312	8.60057	18.6	16.9993	0.599806	-0.800145	-0.000679728	-7.09314e-05	0.000796334	-1	0.800145	0.599806	0.000420891	10.4	18.5998	19.3997	0.599895	-0.800079	-0.000568338	0.000114663	0.000796326	-1	0.800079	0.599894	0.000569451	6.79986	14.6002	14.6001	0.600207	0.000244665	-0.799845	-0.000407833	1	-1.49134e-07	0.799845	0.000326293	0.600207	8.60048	14.599	16.9996	0.599821	-0.800133	-0.000881603	-0.000407449	0.000796374	-1	0.800134	0.599822	0.000151668	10.3999	14.5977	19.4	0.599944	-0.800041	-0.000765609	-0.00022787	0.000786083	-1	0.800042	0.599944	0.0002893
0.016	4.99999	16.6001	12.1995	0.599906	-0.00017884	-0.800071	0.000191117	1	-8.02274e-05	0.800071	-0.000104778	0.599906	6.79935	18.6006	14.5995	0.600283	0.000172626	-0.799788	-0.000287861	1	-2.14952e-07	0.799788	0.000230357	0.600283	8.60019	18.5998	16.9989	0.600258	-0.799806	-0.000809519	-0.000287837	0.000796121	-1	0.799806	0.600258	0.000247664	10.401	18.5989	19.3983	0.599171	-0.800621	-0.000276962	0.000601884	0.000796374	-1	0.800621	0.59917	0.000959045	6.80006	14.6006	14.6	0.599889	0.000655324	-0.800083	-0.00109246	0.999999	-4.04565e-08	0.800083	0.000874086	0.599889	8.59973	14.5974	17.0002	0.60066	-0.799504	-0.00129245	-0.00109323	0.000795232	-0.999999	0.799504	0.600661	-0.000396378	10.4017	14.5941	19.3987	0.598742	-0.800941	-0.00103989	-0.000785924	0.000710815	-0.999999	0.800941	0.598743	-0.000203884
0.02	4.99998	16.6001	12.1991	0.599902	-0.000364866	-0.800074	0.000359511	1	-0.000186476	0.800074	-0.000175768	0.599902	6.79896	18.6012	14.5989	0.600465	0.000335976	-0.799651	-0.000561784	1	-1.69506e-06	0.799651	0.000450249	0.600465	8.60035	18.5995	16.9979	0.600553	-0.799585	-0.00097276	-0.000561872	0.00079457	-1	0.799585	0.600553	2.7917e-05	10.402	18.5978	19.3966	0.598243	-0.801315	6.52274e-05	0.00117581	0.000796436	-0.999999	0.801314	0.598243	0.00141866	6.80042	14.6012	14.5996	0.599403	0.00114598	-0.800447	-0.00191427	0.999998	-1.80595e-06	0.800445	0.00153335	0.599404	8.59863	14.5954	17.001	0.601421	-0.79893	-0.00178339	-0.00191627	0.000789685	-0.999998	0.79893	0.601423	-0.00105603	10.4029	14.5897	19.3978	0.597701	-0.801718	-0.00145492	-0.00176412	0.000499552	-0.999998	0.801717	0.597703	-0.00111574
0.024	4.99998	16.6001	12.1985	0.599843	-0.000581798	-0.800118	0.000512709	1	-0.000342765	0.800118	-0.000204623	0.599843	6.79834	18.6017	14.5984	0.600853	0.000480886	-0.799359	-0.000812286	1	-8.98135e-06	0.799359	0.000654705	0.600854	8.6009	18.5992	16.9965	0.600929	-0.799301	-0.00111744	-0.000812361	0.000787268	-0.999999	0.799302	0.60093	-0.000176229	10.4037	18.5968	19.3944	0.596844	-0.802357	0.000375521	0.00170068	0.000797053	-0.999998	0.802355	0.596844	0.00184027	6.80067	14.6017	14.5992	0.598886	0.00162477	-0.800832	-0.00272563	0.999996	-9.45597e-06	0.800829	0.00218843	0.598888	8.59733	14.5935	17.0017	0.602219	-0.798328	-0.0022625	-0.00272888	0.000775499	-0.999996	0.798326	0.602223	-0.00171152	10.404	14.5853	19.3967	0.59647	-0.802633	-0.00199749	-0.00323418	8.52053e-05	-0.999995	0.802629	0.596473	-0.00254504
0.028	4.99999	16.6002	12.1977	0.599908	-0.000801769	-0.800068	0.000645803	1	-0.000517889	0.800069	-0.000206001	0.599909	6.79811	18.6021	14.5975	0.600754	0.00059465	-0.799434	-0.0010275	0.999999	-2.83041e-05	0.799433	0.000838425	0.600754	8.60037	18.599	16.9958	0.602075	-0.798438	-0.00123126	-0.00102877	0.000766322	-0.999999	0.798439	0.602076	-0.000360028	10.4066	18.5959	19.3911	0.59473	-0.803925	0.000630512	0.00213926	0.0007983	-0.999997	0.803923	0.59473	0.00219458	6.80132	14.6021	14.5983	0.597829	0.00201896	-0.801621	-0.00342386	0.999994	-3.48471e-05	0.801616	0.00276547	0.597833	8.59481	14.5918	17.0031	0.603695	-0.797211	-0.00265731	-0.00342935	0.000736331	-0.999994	0.797208	0.603701	-0.0022894	10.4059	14.5816	19.3948	0.594547	-0.804057	-0.00262524	-0.00521997	-0.000594871	-0.999986	0.804044	0.594552	-0.00455083
0.032	5.00001	16.6002	12.1967	0.599976	-0.00112035	-0.800017	0.000798903	0.999999	-0.000801265	0.800017	-0.000158396	0.599977	6.7977	18.6026	14.5965	0.601146	0.000700073	-0.799139	-0.00125784	0.999999	-7.01637e-05	0.799139	0.00104736	0.601146	8.60114	18.5988	16.9939	0.602625	-0.798023	-0.00133645	-0.00125918	0.000723831	-0.999999	0.798024	0.602626	-0.000568656	10.409	18.595	19.388	0.592763	-0.805377	0.000834268	0.00250016	0.000804264	-0.999997	0.805373	0.592763	0.00249031	6.80218	14.6026	14.5971	0.596329	0.00228917	-0.802737	-0.00397708	0.999992	-0.000102763	0.802731	0.00325383	0.596333	8.59117	14.5907	17.0053	0.605411	-0.795907	-0.00292841	-0.00398471	0.000648323	-0.999992	0.795903	0.605418	-0.00277895	10.4074	14.5787	19.393	0.592814	-0.805333	-0.00328086	-0.00769313	-0.00158919	-0.999969	0.805303	0.592821	-0.00713762
0.036	5.00005	16.6002	12.1957	0.60002	-0.00152332	-0.799984	0.00100325	0.999999	-0.00115171	0.799984	-0.000111541	0.600021	6.79706	18.6032	14.5954	0.601799	0.000824987	-0.798647	-0.00157079	0.999999	-0.000150643	0.798646	0.00134516	0.601799	8.60246	18.5985	16.9913	0.602918	-0.797802	-0.00146097	-0.00157169	0.000643479	-0.999999	0.797801	0.60292	-0.000865932	10.4112	18.5938	19.3847	0.59089	-0.806752	0.00110937	0.00298292	0.000809683	-0.999995	0.806747	0.59089	0.00288491	6.80315	14.6032	14.5958	0.59444	0.00241677	-0.804136	-0.0043989	0.99999	-0.00024639	0.804128	0.00368378	0.594445	8.58648	14.59	17.0082	0.60768	-0.794176	-0.00305713	-0.0044074	0.00047698	-0.99999	0.79417	0.607688	-0.0032104	10.4095	14.5768	19.3907	0.590564	-0.806982	-0.00390978	-0.0106014	-0.00291363	-0.99994	0.806922	0.590569	-0.0102758
0.04	5.00009	16.6002	12.1944	0.600074	-0.00191102	-0.799942	0.00122818	0.999998	-0.00146763	0.799943	-0.000101788	0.600076	6.79649	18.6039	14.5941	0.602319	0.000897973	-0.798255	-0.00186541	0.999998	-0.000282618	0.798253	0.0016593	0.602319	8.60345	18.5983	16.9888	0.60323	-0.797566	-0.00153364	-0.001866	0.000511577	-0.999998	0.797565	0.603232	-0.00117966	10.4131	18.5927	19.3815	0.589285	-0.807924	0.00123949	0.00322908	0.000821074	-0.999994	0.807919	0.589286	0.00309269	6.80414	14.6039	14.5945	0.592715	0.00237917	-0.805409	-0.00470224	0.999989	-0.000506505	0.805398	0.00408744	0.59272	8.58228	14.5898	17.0107	0.609515	-0.792769	-0.00302054	-0.00470729	0.000190905	-0.999989	0.792761	0.609522	-0.00361544	10.4108	14.5757	19.3889	0.588475	-0.808503	-0.00448588	-0.0138993	-0.00456894	-0.999893	0.808396	0.588475	-0.0139263
0.044	5.00013	16.6002	12.1931	0.599987	-0.00233223	-0.800007	0.00145438	0.999997	-0.0018245	0.800009	-6.88422e-05	0.599988	6.79542	18.6045	14.593	0.603618	0.0008963	-0.797273	-0.00213381	0.999998	-0.000491312	0.797271	0.0019978	0.603619	8.60628	18.5981	16.9848	0.602375	-0.798212	-0.00153119	-0.00213333	0.000308339	-0.999998	0.798211	0.602376	-0.00151712	10.4134	18.5917	19.3794	0.588718	-0.808337	0.00132526	0.00337377	0.000817663	-0.999994	0.808331	0.588719	0.00320852	6.80475	14.6046	14.5932	0.591297	0.00217504	-0.806451	-0.00493136	0.999987	-0.000918701	0.806439	0.00452013	0.5913	8.57864	14.5898	17.0126	0.610883	-0.791716	-0.00281723	-0.00492688	-0.000243204	-0.999988	0.791705	0.61089	-0.00404926	10.4113	14.575	19.3877	0.586847	-0.809682	-0.00500279	-0.0175293	-0.00652736	-0.999825	0.809508	0.586832	-0.0180237
0.048	5.00018	16.6002	12.1916	0.599905	-0.00275826	-0.800067	0.00169931	0.999996	-0.00217336	0.80007	-5.57521e-05	0.599907	6.79438	18.6053	14.5917	0.604947	0.000807056	-0.796265	-0.0023577	0.999997	-0.000777665	0.796262	0.0023478	0.604947	8.60922	18.5982	16.9805	0.601187	-0.799107	-0.00144114	-0.00235758	2.97722e-05	-0.999997	0.799105	0.601189	-0.00186606	10.4128	18.5911	19.3778	0.588842	-0.808248	0.00124117	0.00321754	0.000808486	-0.999994	0.808242	0.588842	0.00307664	6.80541	14.6053	14.5919	0.589665	0.00180728	-0.807646	-0.00514236	0.999986	-0.00151677	0.807631	0.00504759	0.589666	8.57441	14.5898	17.0148	0.612836	-0.790207	-0.00245043	-0.00511931	-0.000869259	-0.999987	0.790194	0.61284	-0.00457802	10.4129	14.5745	19.3854	0.584448	-0.811413	-0.00539652	-0.0214375	-0.00879207	-0.999732	0.811148	0.584407	-0.0225331
0.052	5.00024	16.6001	12.19	0.599773	-0.00316334	-0.800164	0.00201213	0.999995	-0.00244513	0.800168	-0.000143512	0.599776	6.79323	18.6062	14.5902	0.606274	0.00070196	-0.795256	-0.00266967	0.999996	-0.00115258	0.795251	0.00282184	0.606273	8.61205	18.5982	16.9759	0.599724	-0.800205	-0.00133524	-0.0026725	-0.000334322	-0.999996	0.800202	0.599726	-0.00233905	10.4112	18.5901	19.3765	0.589643	-0.807663	0.0012661	0.00319081	0.000761884	-0.999995	0.807658	0.589643	0.00302634	6.80588	14.6062	14.5907	0.588665	0.00128333	-0.808376	-0.00537935	0.999983	-0.00232977	0.808359	0.00572	0.588662	8.57188	14.5901	17.0158	0.613801	-0.789459	-0.00192706	-0.00532846	-0.00170191	-0.999984	0.789443	0.613801	-0.00525123	10.4133	14.5741	19.3842	0.582599	-0.81274	-0.00571011	-0.0255825	-0.0113153	-0.999609	0.812357	0.582517	-0.0273842
0.056	5.00029	16.6001	12.1882	0.599517	-0.00359002	-0.800354	0.00238868	0.999994	-0.00269624	0.800358	-0.000295352	0.599522	6.79166	18.6073	14.5887	0.607981	0.000583941	-0.793951	-0.00303897	0.999994	-0.00159166	0.793946	0.0033805	0.607979	8.61561	18.5982	16.9705	0.597699	-0.80172	-0.00121619	-0.00304897	-0.000756109	-0.999995	0.801715	0.5977	-0.00289635	10.4087	18.589	19.3757	0.591039	-0.806642	0.00129405	0.00312246	0.000683631	-0.999995	0.806637	0.59104	0.00292276	6.80602	14.6073	14.5899	0.588238	0.000564696	-0.808688	-0.00561482	0.999979	-0.00338594	0.808669	0.00653237	0.588228	8.57074	14.5905	17.0159	0.614151	-0.789187	-0.00120868	-0.00552789	-0.00277033	-0.999981	0.789169	0.614146	-0.00606395	10.4132	14.5739	19.3834	0.581052	-0.813845	-0.00599615	-0.0299828	-0.0140429	-0.999452	0.813314	0.580913	-0.032561
0.06	5.00038	16.6001	12.1863	0.599412	-0.00402437	-0.80043	0.00280215	0.999992	-0.00292929	0.800436	-0.000487072	0.599419	6.79057	18.6085	14.5867	0.609181	0.000433701	-0.793031	-0.0034383	0.999992	-0.00209431	0.793024	0.00400249	0.609177	8.61811	18.5982	16.9657	0.596124	-0.802892	-0.00106521	-0.00345908	-0.00124156	-0.999993	0.802885	0.596124	-0.00351739	10.4065	18.5878	19.3744	0.592328	-0.805696	0.00137707	0.00308062	0.000555631	-0.999995	0.805691	0.592329	0.00281116	6.80667	14.6085	14.5886	0.587252	-0.000399927	-0.809404	-0.0058012	0.999972	-0.00470307	0.809384	0.0074574	0.587233	8.56843	14.5911	17.0167	0.615513	-0.788127	-0.000244623	-0.00565939	-0.00410951	-0.999976	0.788107	0.615499	-0.00698977	10.415	14.5741	19.3811	0.57844	-0.815701	-0.00621902	-0.0346709	-0.0169678	-0.999255	0.814988	0.578224	-0.0380959
0.064	5.0005	16.6	12.1843	0.599338	-0.00447141	-0.800484	0.00322195	0.99999	-0.00317349	0.80049	-0.000677123	0.599346	6.78957	18.6097	14.5844	0.61028	0.000227567	-0.792186	-0.00381016	0.999989	-0.00264799	0.792177	0.00463436	0.610274	8.62041	18.5983	16.9609	0.59475	-0.80391	-0.000858406	-0.00384547	-0.00177718	-0.999991	0.803902	0.594748	-0.00414839	10.4047	18.5867	19.3726	0.593359	-0.804937	0.00144328	0.00294038	0.000374475	-0.999996	0.804933	0.59336	0.00258902	6.80746	14.6097	14.5871	0.586186	-0.00160043	-0.810175	-0.00589639	0.999963	-0.00624156	0.810155	0.00843583	0.586155	8.56602	14.592	17.0176	0.616696	-0.787201	0.000955266	-0.00568416	-0.00566645	-0.999968	0.787181	0.61667	-0.00796905	10.4161	14.575	19.3791	0.576131	-0.817331	-0.0065426	-0.0396556	-0.0199561	-0.999014	0.816395	0.575823	-0.0439091
0.068	5.00064	16.6	12.1821	0.59927	-0.00495156	-0.800532	0.00368206	0.999987	-0.00342891	0.800539	-0.000892769	0.59928	6.78854	18.611	14.582	0.611203	3.85645e-05	-0.791474	-0.00421916	0.999986	-0.00320945	0.791463	0.00530098	0.611194	8.62215	18.5983	16.9564	0.593894	-0.804543	-0.000668836	-0.0042705	-0.00232107	-0.999988	0.804532	0.59389	-0.00481427	10.4038	18.5855	19.3699	0.59373	-0.804663	0.00159032	0.00285958	0.000133608	-0.999996	0.804659	0.593732	0.00238033	6.80835	14.6111	14.5855	0.585048	-0.00300481	-0.810993	-0.00593052	0.999951	-0.00798317	0.810977	0.00948015	0.585001	8.56349	14.5933	17.0185	0.617945	-0.786218	0.00235899	-0.00562956	-0.00742498	-0.999957	0.786201	0.617905	-0.00901429	10.4173	14.5764	19.3771	0.573694	-0.819041	-0.00688926	-0.0449003	-0.0230496	-0.998726	0.817838	0.573272	-0.0499986
0.072	5.00082	16.5999	12.1798	0.599327	-0.00550326	-0.800486	0.00423585	0.999984	-0.00370339	0.800493	-0.00117119	0.599341	6.78779	18.6126	14.579	0.611684	-3.07078e-05	-0.791102	-0.00476706	0.999982	-0.00372472	0.791088	0.00604958	0.611672	8.62285	18.5983	16.9522	0.593756	-0.804645	-0.000599268	-0.00483165	-0.00282057	-0.999984	0.804631	0.593749	-0.00556249	10.4041	18.5838	19.3661	0.59334	-0.804949	0.00197499	0.00309155	-0.000174722	-0.999995	0.804946	0.593344	0.00238487	6.80981	14.6127	14.5837	0.583319	-0.00454894	-0.81223	-0.00596487	0.999933	-0.00988397	0.812221	0.0106104	0.583253	8.55977	14.5948	17.0203	0.619953	-0.78463	0.00390214	-0.00554185	-0.00935167	-0.999941	0.78462	0.619894	-0.0101459	10.4196	14.5781	19.3742	0.570553	-0.82123	-0.00716962	-0.0503623	-0.0262732	-0.998385	0.819715	0.569993	-0.0563492
0.076	5.00103	16.5999	12.1774	0.599335	-0.00617083	-0.800475	0.00486682	0.99998	-0.0040649	0.800484	-0.00145953	0.599353	6.78669	18.6144	14.576	0.612482	1.93768e-05	-0.790485	-0.00540747	0.999977	-0.00416529	0.790466	0.00682568	0.612467	8.62414	18.5982	16.9473	0.593516	-0.804822	-0.000648861	-0.00548603	-0.00323948	-0.99998	0.804803	0.593508	-0.00633796	10.4047	18.5817	19.3618	0.592587	-0.805503	0.00251239	0.0034746	-0.000562841	-0.999994	0.805499	0.592592	0.00246527	6.81138	14.6145	14.5818	0.581306	-0.00612884	-0.813662	-0.00600496	0.999912	-0.0118219	0.813663	0.0117581	0.581218	8.55529	14.5965	17.0228	0.622041	-0.782966	0.0054809	-0.00543492	-0.0113175	-0.999921	0.782966	0.621962	-0.0112953	10.4214	14.5802	19.3717	0.567709	-0.823195	-0.00756046	-0.0560304	-0.029475	-0.997994	0.82132	0.566994	-0.0628572
0.08	5.00128	16.5998	12.1749	0.599345	-0.00686629	-0.800462	0.00554583	0.999975	-0.00442526	0.800472	-0.00178696	0.599368	6.78558	18.6164	14.5727	0.613037	0.000135726	-0.790054	-0.00611315	0.999971	-0.00457167	0.79003	0.00763233	0.61302	8.62469	18.5981	16.9428	0.593814	-0.804602	-0.000764867	-0.00620239	-0.00362691	-0.999974	0.804578	0.593803	-0.00714416	10.4061	18.5794	19.3565	0.591314	-0.806435	0.00325881	0.00408848	-0.00104312	-0.999991	0.806431	0.591322	0.00268028	6.81304	14.6165	14.5799	0.579137	-0.00770656	-0.815194	-0.00604746	0.999887	-0.0137489	0.815208	0.0128923	0.579025	8.55045	14.5983	17.0255	0.624327	-0.781131	0.0070574	-0.00530502	-0.013274	-0.999898	0.781145	0.624226	-0.0124312	10.4234	14.5824	19.3689	0.564539	-0.825369	-0.00784986	-0.061898	-0.0328498	-0.997542	0.823082	0.563637	-0.0696337
0.084	5.00153	16.5997	12.1722	0.599239	-0.00755786	-0.800535	0.00624453	0.999969	-0.0047664	0.800546	-0.00214275	0.599267	6.78413	18.6184	14.5696	0.613847	0.000278402	-0.789425	-0.00680382	0.999965	-0.00493791	0.789396	0.00840222	0.613827	8.62567	18.598	16.9378	0.593882	-0.804552	-0.000907042	-0.00690542	-0.0039699	-0.999968	0.804522	0.593869	-0.00791342	10.4073	18.5773	19.3513	0.590167	-0.807271	0.00405854	0.00464429	-0.00163214	-0.999988	0.807268	0.590178	0.00278596	6.81436	14.6185	14.5782	0.577444	-0.00922622	-0.816378	-0.0060631	0.99986	-0.0155884	0.816408	0.0139512	0.577307	8.54669	14.6003	17.0274	0.625995	-0.77978	0.00857611	-0.00515284	-0.0151333	-0.999872	0.77981	0.625871	-0.0134915	10.4247	14.5849	19.3668	0.561589	-0.827376	-0.00809494	-0.0679661	-0.0363779	-0.997024	0.82462	0.560468	-0.076663
0.088	5.00179	16.5996	12.1695	0.598964	-0.00830956	-0.800733	0.0070008	0.999962	-0.00514032	0.800745	-0.0025269	0.599	6.78207	18.6206	14.5667	0.615291	0.000518637	-0.7883	-0.00759028	0.999957	-0.00526655	0.788263	0.00922388	0.615269	8.62794	18.5978	16.9315	0.593199	-0.805055	-0.00114638	-0.0077113	-0.00425809	-0.999961	0.805019	0.593185	-0.00873392	10.4075	18.5747	19.3465	0.589515	-0.807741	0.00514831	0.0055316	-0.00233646	-0.999982	0.807739	0.589533	0.00309072	6.81531	14.6207	14.5768	0.576155	-0.0106274	-0.817271	-0.00606362	0.999832	-0.017276	0.817318	0.0149093	0.575994	8.54377	14.6025	17.0287	0.627187	-0.778805	0.00997658	-0.00499849	-0.0168335	-0.999846	0.778853	0.62704	-0.0144506	10.4253	14.5875	19.3653	0.559078	-0.829072	-0.00845913	-0.0742254	-0.0398864	-0.996444	0.825786	0.557717	-0.0838378
0.092	5.0021	16.5996	12.1666	0.598759	-0.00907488	-0.800878	0.00784954	0.999954	-0.00546211	0.800891	-0.00301603	0.598803	6.78023	18.623	14.5632	0.616245	0.000905103	-0.787554	-0.0084824	0.999949	-0.00548811	0.787509	0.0100624	0.616222	8.62897	18.5976	16.9258	0.593001	-0.8052	-0.00153225	-0.0086157	-0.00444229	-0.999953	0.805156	0.592986	-0.00957165	10.408	18.5717	19.3412	0.588862	-0.808208	0.0064111	0.00656059	-0.00315223	-0.999974	0.808207	0.588888	0.0034461	6.81653	14.6232	14.5753	0.57471	-0.0119455	-0.81827	-0.00606393	0.999804	-0.0188546	0.818334	0.0157978	0.574525	8.54066	14.605	17.0303	0.62883	-0.777461	0.0112939	-0.00482649	-0.0184278	-0.999819	0.777528	0.628662	-0.0153403	10.4272	14.5905	19.3629	0.555844	-0.831241	-0.00868228	-0.0806807	-0.0435496	-0.995788	0.827362	0.554204	-0.0912719
0.096	5.00241	16.5995	12.1636	0.598389	-0.00984913	-0.801145	0.00874558	0.999945	-0.00576092	0.801158	-0.00355922	0.598442	6.77788	18.6256	14.56	0.617651	0.00137485	-0.786451	-0.00945119	0.999939	-0.00567457	0.786396	0.0109378	0.617626	8.63083	18.5972	16.9192	0.592238	-0.80576	-0.00200112	-0.00960206	-0.00457419	-0.999943	0.805706	0.592224	-0.010446	10.4075	18.5684	19.3363	0.588675	-0.808331	0.0078884	0.00782585	-0.00405924	-0.999961	0.808332	0.588714	0.00393631	6.81727	14.6258	14.5742	0.574036	-0.013131	-0.818725	-0.00599573	0.999777	-0.0202386	0.818808	0.0165266	0.573829	8.53938	14.6078	17.0306	0.629517	-0.776887	0.012479	-0.00463083	-0.019812	-0.999793	0.776973	0.629329	-0.0160696	10.4279	14.5939	19.3616	0.553121	-0.833051	-0.00910549	-0.0873578	-0.0471267	-0.995062	0.828508	0.551185	-0.0988403
0.1	5.00273	16.5994	12.1605	0.597968	-0.0106275	-0.801449	0.00964842	0.999935	-0.0060607	0.801462	-0.00410861	0.598032	6.77538	18.6282	14.5567	0.619219	0.0018311	-0.785216	-0.0103836	0.999929	-0.00585663	0.78515	0.0117799	0.619194	8.63304	18.597	16.9122	0.59131	-0.806441	-0.00245639	-0.0105546	-0.00469321	-0.999933	0.806376	0.591296	-0.0112868	10.407	18.5654	19.3313	0.588545	-0.808411	0.00932616	0.00896563	-0.00500858	-0.999947	0.808415	0.588598	0.00430014	6.81789	14.6284	14.5731	0.573646	-0.0141721	-0.818981	-0.00584411	0.999754	-0.0213938	0.819082	0.0170587	0.573422	8.53883	14.6109	17.0304	0.629928	-0.776536	0.0135199	-0.00437823	-0.0209582	-0.999771	0.776641	0.629725	-0.016602	10.4286	14.5978	19.3603	0.550527	-0.834761	-0.00974634	-0.0942643	-0.0505589	-0.994263	0.829479	0.548287	-0.106522
0.104	5.00312	16.5992	12.1573	0.597769	-0.0114241	-0.801587	0.0106	0.999924	-0.006346	0.801598	-0.00470342	0.597844	6.77358	18.6309	14.5527	0.619879	0.00228514	-0.784694	-0.0113261	0.999918	-0.00603529	0.784616	0.0126287	0.619854	8.63321	18.5969	16.9066	0.591569	-0.806249	-0.00291001	-0.0115053	-0.00483276	-0.999922	0.806173	0.591556	-0.0121351	10.4079	18.5624	19.3251	0.587585	-0.809091	0.0107239	0.0100587	-0.00594845	-0.999932	0.8091	0.587653	0.00464317	6.81927	14.6312	14.5715	0.57244	-0.0150797	-0.819808	-0.00569013	0.999734	-0.0223625	0.819927	0.017466	0.572202	8.53659	14.6141	17.0313	0.631517	-0.775228	0.0144269	-0.00407919	-0.0219282	-0.999751	0.775352	0.631301	-0.0170103	10.4311	14.6019	19.3574	0.546794	-0.837205	-0.0102216	-0.101352	-0.0540665	-0.99338	0.83111	0.544211	-0.114416
0.108	5.00354	16.5991	12.154	0.5975	-0.0123194	-0.801774	0.0116204	0.99991	-0.00670404	0.801785	-0.00531127	0.59759	6.7714	18.6338	14.5487	0.620852	0.002807	-0.783923	-0.0123191	0.999905	-0.00617613	0.783831	0.0134917	0.620827	8.63396	18.5968	16.9002	0.591788	-0.806086	-0.00343126	-0.0125075	-0.00492607	-0.99991	0.805997	0.591777	-0.0129973	10.4093	18.5593	19.3182	0.586136	-0.810122	0.0120703	0.0111688	-0.0068172	-0.999914	0.810135	0.586221	0.00505232	6.82068	14.6341	14.57	0.571188	-0.0157302	-0.820668	-0.00554115	0.99972	-0.0230189	0.8208	0.0176956	0.570941	8.53424	14.6175	17.0324	0.632912	-0.774077	0.0150767	-0.00380693	-0.0225846	-0.999738	0.774215	0.632688	-0.0172409	10.433	14.6061	19.355	0.543406	-0.839398	-0.010967	-0.108586	-0.0573296	-0.992433	0.832417	0.540485	-0.1223
0.112	5.00401	16.5989	12.1506	0.597275	-0.0132938	-0.801927	0.0127382	0.999894	-0.00708813	0.801936	-0.00598153	0.597381	6.76924	18.6369	14.5444	0.621591	0.00343731	-0.783334	-0.0133858	0.999891	-0.00623434	0.783228	0.0143608	0.621569	8.63402	18.5968	16.8941	0.592666	-0.805438	-0.0040611	-0.0135749	-0.00494725	-0.999896	0.805334	0.592659	-0.0138658	10.412	18.5561	19.3101	0.583709	-0.811854	0.0132867	0.0122494	-0.00755704	-0.999896	0.81187	0.583812	0.00553357	6.82242	14.6374	14.5683	0.569736	-0.0161575	-0.821669	-0.00543306	0.999711	-0.0234257	0.821809	0.0178107	0.569484	8.53163	14.6211	17.0338	0.634411	-0.77284	0.0155031	-0.00358248	-0.0229953	-0.999729	0.772987	0.634184	-0.0173572	10.4349	14.6103	19.3527	0.539921	-0.841635	-0.0116901	-0.115935	-0.0606038	-0.991406	0.833693	0.536636	-0.130297
0.116	5.00454	16.5988	12.147	0.597144	-0.0143383	-0.802006	0.0139388	0.999875	-0.00749749	0.802013	-0.00670191	0.59727	6.7673	18.6403	14.5397	0.621798	0.00408599	-0.783167	-0.014495	0.999875	-0.00629172	0.783043	0.0152642	0.62178	8.63269	18.5969	16.8888	0.594618	-0.803995	-0.00470964	-0.0146746	-0.00499595	-0.99988	0.803875	0.594615	-0.014769	10.4165	18.5528	19.3004	0.580073	-0.814439	0.0143364	0.0132844	-0.00813904	-0.999879	0.814456	0.580193	0.0060981	6.82465	14.6408	14.5665	0.567691	-0.0164345	-0.823078	-0.00536631	0.999706	-0.0236625	0.823224	0.0178499	0.567436	8.52772	14.6247	17.0362	0.636633	-0.771005	0.0157791	-0.00337209	-0.0232443	-0.999724	0.771159	0.636404	-0.017398	10.4376	14.6146	19.3496	0.535776	-0.844272	-0.012207	-0.123401	-0.0639926	-0.990291	0.835294	0.532081	-0.13847
0.12	5.00512	16.5986	12.1434	0.596887	-0.0154675	-0.802176	0.0151589	0.999853	-0.00799965	0.802182	-0.00738519	0.597034	6.76484	18.6438	14.5352	0.622536	0.00462552	-0.782577	-0.0155188	0.999859	-0.00643532	0.782437	0.0161509	0.62252	8.63245	18.5972	16.8825	0.596312	-0.802736	-0.0052487	-0.0156968	-0.00512273	-0.999864	0.802599	0.596313	-0.0156551	10.4214	18.5501	19.2903	0.576017	-0.8173	0.0150086	0.0139431	-0.0085343	-0.999866	0.817318	0.57615	0.00647982	6.82671	14.6444	14.5647	0.565583	-0.0165487	-0.824526	-0.00526279	0.999706	-0.0236747	0.824675	0.0177293	0.565329	8.52346	14.6286	17.0388	0.638701	-0.769291	0.0158921	-0.00314592	-0.0232644	-0.999724	0.769448	0.638475	-0.0172791	10.4396	14.6191	19.3471	0.532077	-0.846594	-0.013161	-0.131024	-0.0669709	-0.989115	0.836497	0.528009	-0.146558
0.124	5.00574	16.5984	12.1397	0.596594	-0.0166153	-0.802371	0.0164276	0.999829	-0.00848968	0.802375	-0.00811611	0.596765	6.76229	18.6473	14.5306	0.623223	0.00505351	-0.782028	-0.016545	0.999841	-0.00672419	0.781869	0.0171293	0.623208	8.63196	18.5977	16.8762	0.598243	-0.801295	-0.00567626	-0.0167237	-0.0054031	-0.999846	0.80114	0.598245	-0.016633	10.4267	18.5475	19.2797	0.571583	-0.820398	0.0155051	0.0145449	-0.00876311	-0.999856	0.820415	0.571726	0.00692373	6.82875	14.648	14.5631	0.563575	-0.0166844	-0.825896	-0.00513929	0.999706	-0.0237025	0.826049	0.0176027	0.563324	8.51948	14.6326	17.0412	0.640684	-0.767638	0.0160267	-0.00290367	-0.0232956	-0.999724	0.767799	0.640461	-0.0171541	10.4415	14.6239	19.3446	0.528198	-0.849004	-0.0141274	-0.138787	-0.0699071	-0.987852	0.837702	0.523742	-0.154756
0.128	5.00638	16.5982	12.1359	0.596144	-0.0177825	-0.802681	0.0177592	0.999802	-0.00895997	0.802681	-0.00891354	0.596341	6.75924	18.651	14.5262	0.624186	0.0054165	-0.781257	-0.017586	0.99982	-0.00711854	0.781077	0.0181825	0.624169	8.6318	18.5983	16.8694	0.599982	-0.799991	-0.00603863	-0.0177712	-0.00578114	-0.999825	0.799816	0.599985	-0.0176854	10.4317	18.545	19.2688	0.567237	-0.823404	0.0157732	0.0149868	-0.00882886	-0.999849	0.823418	0.567387	0.00733215	6.83037	14.6518	14.5618	0.56215	-0.0169472	-0.826862	-0.00498376	0.999702	-0.0238779	0.82702	0.0175439	0.561898	8.51682	14.6369	17.0429	0.642084	-0.766461	0.0162887	-0.00264862	-0.0234647	-0.999721	0.76663	0.641862	-0.0170964	10.4431	14.6289	19.3428	0.524457	-0.851298	-0.0153675	-0.146723	-0.072583	-0.986511	0.8387	0.519637	-0.162972
0.132	5.00704	16.5979	12.1321	0.595586	-0.0190006	-0.803067	0.0191595	0.999772	-0.00944527	0.803063	-0.00976088	0.595814	6.7558	18.6549	14.5217	0.625611	0.00568338	-0.780115	-0.0186994	0.999795	-0.00771213	0.779911	0.0194125	0.625589	8.63263	18.5988	16.8615	0.600998	-0.799226	-0.00630461	-0.0189059	-0.0063299	-0.999801	0.799027	0.600997	-0.0189143	10.4356	18.5421	19.2586	0.563549	-0.825927	0.0160554	0.0155768	-0.00880778	-0.99984	0.825936	0.563709	0.00790166	6.8318	14.6559	14.5608	0.561044	-0.0173825	-0.827604	-0.00480615	0.999694	-0.0242551	0.827772	0.0175858	0.560789	8.51493	14.6414	17.0441	0.643135	-0.76557	0.0167234	-0.00236959	-0.0238288	-0.999713	0.765749	0.642911	-0.0171392	10.4443	14.6343	19.3414	0.521026	-0.853366	-0.0173064	-0.154858	-0.0745706	-0.985118	0.839376	0.515952	-0.171003
0.136	5.00776	16.5977	12.1281	0.595059	-0.0202192	-0.803427	0.0206056	0.999739	-0.00989807	0.803417	-0.0106652	0.595321	6.7525	18.659	14.517	0.626949	0.00577519	-0.779039	-0.0197934	0.999768	-0.00851771	0.778808	0.02076	0.626918	8.63335	18.5996	16.8535	0.601783	-0.798634	-0.00639556	-0.0200296	-0.00708632	-0.999774	0.798408	0.601775	-0.0202608	10.4387	18.5395	19.2487	0.560456	-0.828026	0.0161766	0.0159961	-0.008706	-0.999834	0.82803	0.560621	0.00836587	6.83338	14.66	14.5597	0.559871	-0.0181539	-0.828381	-0.00463213	0.999676	-0.0250385	0.828567	0.0178555	0.559605	8.51299	14.6461	17.0454	0.644541	-0.76437	0.0174942	-0.00203588	-0.0245968	-0.999695	0.764567	0.644309	-0.0174098	10.4466	14.64	19.3391	0.51689	-0.855838	-0.0191395	-0.163142	-0.0765337	-0.98363	0.840362	0.511551	-0.179183
0.14	5.00849	16.5974	12.1241	0.594402	-0.0214269	-0.803882	0.0220604	0.999703	-0.0103346	0.803865	-0.0115911	0.594699	6.74884	18.663	14.5125	0.628728	0.00563731	-0.777605	-0.0208547	0.999736	-0.00961428	0.777345	0.0222615	0.62868	8.63503	18.6004	16.8445	0.601833	-0.798597	-0.00625653	-0.0211434	-0.00810153	-0.999744	0.798342	0.601811	-0.0217608	10.4405	18.537	19.2395	0.55818	-0.82956	0.0162995	0.0164037	-0.0086076	-0.999828	0.829557	0.558352	0.00880323	6.83455	14.6642	14.5588	0.559338	-0.0191936	-0.828718	-0.00442457	0.999649	-0.0261387	0.828928	0.0182871	0.559056	8.51256	14.6509	17.0456	0.645148	-0.763833	0.0185336	-0.00167584	-0.0256714	-0.999669	0.764056	0.644903	-0.0178419	10.448	14.6459	19.3378	0.51318	-0.858017	-0.0213104	-0.171592	-0.0782382	-0.982056	0.840954	0.507628	-0.187379
0.144	5.00928	16.5971	12.1199	0.593848	-0.0226586	-0.804258	0.0235817	0.999664	-0.0107516	0.804232	-0.0125809	0.594183	6.7455	18.6672	14.5074	0.630291	0.00539345	-0.77634	-0.0219481	0.9997	-0.0108739	0.776049	0.0238929	0.63022	8.63637	18.6013	16.8356	0.601795	-0.798628	-0.00601167	-0.0222983	-0.00927726	-0.999708	0.798339	0.601754	-0.023391	10.4418	18.5344	19.2306	0.556349	-0.830786	0.0164584	0.0168491	-0.00852381	-0.999822	0.830778	0.556527	0.00925579	6.83614	14.6685	14.5578	0.558698	-0.02049	-0.829118	-0.00426583	0.999611	-0.0275779	0.82936	0.0189446	0.558393	8.51223	14.6557	17.0458	0.645762	-0.763282	0.0198298	-0.00132058	-0.0270874	-0.999632	0.763538	0.645498	-0.0184999	10.4495	14.6518	19.3365	0.509508	-0.860143	-0.0235601	-0.180131	-0.0798468	-0.980397	0.8414	0.503764	-0.195621
0.148	5.01016	16.5968	12.1157	0.593449	-0.0240008	-0.804514	0.0252408	0.999619	-0.0112024	0.804476	-0.0136585	0.593828	6.7425	18.6718	14.5018	0.631553	0.00520268	-0.775315	-0.0231764	0.999657	-0.0121708	0.774986	0.0256555	0.631457	8.63716	18.6022	16.8267	0.60187	-0.798573	-0.00582008	-0.0235888	-0.0104928	-0.999667	0.798245	0.601807	-0.0251527	10.4428	18.5315	19.2215	0.554671	-0.8319	0.0168041	0.017546	-0.00849697	-0.99981	0.831884	0.554861	0.00988346	6.83851	14.6733	14.5564	0.557208	-0.0221071	-0.830079	-0.00425305	0.999556	-0.0294756	0.830362	0.0199544	0.556867	8.51013	14.6605	17.0475	0.647519	-0.761747	0.021446	-0.000981983	-0.0289767	-0.99958	0.762048	0.647226	-0.019511	10.4527	14.6576	19.3337	0.504806	-0.86287	-0.0250187	-0.188652	-0.0819924	-0.978615	0.842367	0.49873	-0.204172
0.152	5.0111	16.5965	12.1114	0.593027	-0.0254403	-0.804781	0.0269929	0.999567	-0.0117072	0.80473	-0.0147807	0.593457	6.7393	18.6766	14.496	0.633083	0.00509371	-0.774068	-0.0244995	0.999609	-0.0134594	0.773697	0.0274852	0.63296	8.63855	18.6031	16.8171	0.601584	-0.798789	-0.00571011	-0.0249869	-0.0116723	-0.99962	0.798419	0.601497	-0.0269811	10.4433	18.5281	19.2124	0.553172	-0.832886	0.0173605	0.0184967	-0.00855467	-0.999792	0.832862	0.553378	0.0106734	6.84106	14.6783	14.5551	0.555631	-0.0238444	-0.831087	-0.00429188	0.999493	-0.0315455	0.831418	0.0210946	0.555247	8.50796	14.6655	17.0494	0.649017	-0.760421	0.0231826	-0.000666243	-0.0310405	-0.999518	0.760774	0.648688	-0.0206524	10.455	14.6635	19.3317	0.500577	-0.86528	-0.0266992	-0.197256	-0.0839765	-0.976749	0.842919	0.494205	-0.212718
0.156	5.01212	16.5962	12.107	0.592732	-0.0268928	-0.804951	0.0288038	0.999511	-0.012183	0.804885	-0.0159644	0.593216	6.73653	18.6816	14.4897	0.634044	0.00505926	-0.77328	-0.0258412	0.999559	-0.0146485	0.772865	0.0292703	0.633895	8.63866	18.6041	16.8083	0.602001	-0.798475	-0.00567504	-0.0263843	-0.0127878	-0.99957	0.798059	0.601892	-0.0287655	10.4447	18.5249	19.2025	0.551199	-0.83418	0.0179793	0.0194583	-0.00869099	-0.999773	0.834147	0.551424	0.0114412	6.8441	14.6835	14.5536	0.553822	-0.0257387	-0.832238	-0.00435804	0.999419	-0.0338093	0.832624	0.0223512	0.553387	8.50557	14.6705	17.0514	0.650548	-0.759051	0.025076	-0.000327336	-0.0332982	-0.999445	0.759465	0.650179	-0.0219105	10.4572	14.6695	19.3298	0.496342	-0.867668	-0.028225	-0.205948	-0.0861018	-0.974768	0.843345	0.489631	-0.22143
0.16	5.01322	16.5958	12.1025	0.592422	-0.0284106	-0.805127	0.0306661	0.999449	-0.0127031	0.805044	-0.0171645	0.592967	6.73366	18.6867	14.4833	0.635043	0.00510417	-0.77246	-0.0272119	0.999505	-0.0157666	0.771997	0.0310326	0.634868	8.63879	18.6051	16.7993	0.602511	-0.79809	-0.0057193	-0.0278085	-0.013831	-0.999518	0.797626	0.60238	-0.0305271	10.4463	18.5216	19.1922	0.548991	-0.835616	0.0188272	0.0205986	-0.00899217	-0.999747	0.835574	0.54924	0.0122759	6.84731	14.6889	14.552	0.551628	-0.0278069	-0.833626	-0.00445775	0.999332	-0.0362841	0.834078	0.0237314	0.551136	8.50219	14.6755	17.0542	0.652675	-0.757152	0.0271431	6.83558e-05	-0.0357671	-0.99936	0.757638	0.652259	-0.0232925	10.4602	14.6757	19.3272	0.491483	-0.870391	-0.0293948	-0.214728	-0.0884015	-0.972665	0.844	0.484361	-0.230345
0.164	5.01437	16.5954	12.098	0.592036	-0.0299908	-0.805353	0.0325809	0.999381	-0.0132652	0.805252	-0.0183856	0.592647	6.7305	18.6919	14.477	0.636377	0.0053674	-0.771359	-0.0286103	0.999452	-0.0166492	0.770847	0.032664	0.636182	8.63963	18.6061	16.7896	0.602659	-0.797977	-0.00598165	-0.0292649	-0.0146098	-0.999465	0.797462	0.602511	-0.0321574	10.4476	18.5183	19.1819	0.546872	-0.836981	0.0198329	0.021809	-0.00943937	-0.999718	0.836932	0.54715	0.0130916	6.85046	14.6944	14.5506	0.549506	-0.029823	-0.834957	-0.00453849	0.999241	-0.0386778	0.835477	0.0250431	0.548954	8.49898	14.6808	17.057	0.654485	-0.755513	0.0291581	0.00047989	-0.0381499	-0.999272	0.756075	0.654022	-0.024606	10.4624	14.6822	19.3252	0.487084	-0.872791	-0.0313753	-0.223693	-0.08995	-0.9705	0.844222	0.479734	-0.23905
0.168	5.01557	16.595	12.0934	0.591636	-0.0315675	-0.805587	0.0345846	0.999307	-0.0137591	0.805463	-0.0197205	0.592318	6.72735	18.6974	14.4704	0.637307	0.00591132	-0.770587	-0.0301487	0.999396	-0.0172677	0.77002	0.034237	0.6371	8.63927	18.6069	16.7804	0.603382	-0.797426	-0.00652495	-0.0308329	-0.0151524	-0.99941	0.796856	0.603227	-0.0337297	10.4494	18.5144	19.171	0.544466	-0.838513	0.0212771	0.023421	-0.0101588	-0.999674	0.838456	0.544787	0.0141077	6.85362	14.7002	14.5493	0.547701	-0.0318835	-0.836066	-0.00463645	0.999143	-0.0411398	0.836661	0.0264087	0.547083	8.49672	14.6862	17.0592	0.655988	-0.754126	0.0312177	0.000875499	-0.0406002	-0.999175	0.754771	0.655474	-0.025973	10.4647	14.6889	19.3236	0.482539	-0.875245	-0.0332094	-0.232796	-0.0916087	-0.968201	0.844371	0.474926	-0.247959
0.172	5.01681	16.5946	12.0888	0.591041	-0.0331516	-0.80596	0.0366217	0.999228	-0.0142452	0.80581	-0.0210962	0.591799	6.72363	18.7029	14.464	0.638675	0.00669844	-0.769448	-0.0316953	0.999342	-0.0176087	0.768824	0.0356341	0.638467	8.63965	18.6078	16.7705	0.603634	-0.797228	-0.00731117	-0.0324153	-0.0153789	-0.999356	0.796602	0.603482	-0.0351256	10.4506	18.5106	19.1603	0.542445	-0.839778	0.0229434	0.0250601	-0.0111232	-0.999624	0.839718	0.542816	0.0150112	6.85623	14.706	14.5484	0.546569	-0.0339025	-0.836728	-0.00469361	0.99904	-0.043545	0.837401	0.0277276	0.545885	8.49594	14.6919	17.0606	0.65693	-0.753219	0.0332362	0.00125749	-0.0429879	-0.999075	0.753951	0.656364	-0.0272929	10.4667	14.6957	19.3224	0.478041	-0.877642	-0.0349481	-0.242063	-0.0933921	-0.965755	0.844323	0.47013	-0.25709
0.176	5.01809	16.5942	12.084	0.590421	-0.034743	-0.806347	0.0386772	0.999143	-0.0147299	0.806168	-0.0224904	0.591259	6.71987	18.7085	14.4576	0.640251	0.00760781	-0.768128	-0.033234	0.999289	-0.0178039	0.767447	0.0369269	0.640048	8.64062	18.6088	16.7599	0.603362	-0.797425	-0.00821948	-0.0339982	-0.0154239	-0.999303	0.796743	0.603221	-0.0364172	10.4507	18.5068	19.1501	0.541021	-0.840639	0.0249512	0.0268199	-0.0124074	-0.999563	0.840582	0.541454	0.0158332	6.85884	14.7119	14.5475	0.545648	-0.0356826	-0.837254	-0.00471032	0.998947	-0.0456435	0.838001	0.028849	0.544905	8.49578	14.6978	17.0615	0.657568	-0.752581	0.0350159	0.00161923	-0.0450656	-0.998983	0.753393	0.656956	-0.0284151	10.4685	14.7026	19.3217	0.473839	-0.879836	-0.0369515	-0.25146	-0.0949722	-0.963197	0.843946	0.465693	-0.266245
0.18	5.01945	16.5937	12.0792	0.589844	-0.0363306	-0.8067	0.0407844	0.999053	-0.0151727	0.806487	-0.0239513	0.590767	6.71632	18.7141	14.4508	0.641438	0.00867394	-0.767126	-0.0347643	0.999238	-0.0177699	0.766387	0.0380669	0.64125	8.64063	18.6099	16.75	0.603455	-0.797343	-0.00928482	-0.035547	-0.0152672	-0.999251	0.796604	0.603334	-0.0375562	10.451	18.5032	19.1398	0.539686	-0.84143	0.0271146	0.0284942	-0.0139323	-0.999497	0.841384	0.540187	0.0164567	6.86164	14.7179	14.5466	0.544684	-0.0373336	-0.83781	-0.00476196	0.998855	-0.0476058	0.838628	0.0299197	0.543882	8.49569	14.7037	17.0625	0.658452	-0.751729	0.0366664	0.00195305	-0.0470114	-0.998892	0.75262	0.657795	-0.0294866	10.471	14.7095	19.3203	0.469078	-0.882346	-0.0378333	-0.260842	-0.0974883	-0.960447	0.843758	0.460393	-0.275882
0.184	5.02086	16.5932	12.0744	0.589183	-0.0379548	-0.807108	0.0429535	0.998955	-0.0156208	0.806857	-0.0254646	0.590197	6.7125	18.72	14.444	0.642901	0.0099198	-0.765885	-0.0363416	0.999185	-0.0175644	0.765087	0.0391257	0.642737	8.6412	18.6109	16.7393	0.603082	-0.79761	-0.0105297	-0.0371481	-0.0148971	-0.999199	0.796814	0.60299	-0.0386139	10.4504	18.4995	19.1297	0.538852	-0.841883	0.0295395	0.0303114	-0.015666	-0.999418	0.841855	0.539433	0.0170769	6.86431	14.7241	14.5459	0.544155	-0.038672	-0.838093	-0.00479081	0.998778	-0.049197	0.838971	0.0307859	0.543305	8.49678	14.7098	17.0628	0.658745	-0.751406	0.0380045	0.00220124	-0.0485883	-0.998816	0.752363	0.658049	-0.0303533	10.473	14.7164	19.3199	0.464692	-0.884634	-0.0385137	-0.2703	-0.100299	-0.957538	0.843208	0.455371	-0.285724
0.188	5.02235	16.5927	12.0695	0.588643	-0.0396571	-0.80742	0.0452226	0.998847	-0.0160901	0.807127	-0.0270423	0.589758	6.70897	18.726	14.4368	0.644195	0.0113785	-0.764776	-0.0379951	0.999131	-0.0171392	0.763917	0.0400987	0.644068	8.64155	18.6121	16.7285	0.602645	-0.79792	-0.0119875	-0.0388099	-0.0143014	-0.999144	0.797065	0.602594	-0.0395858	10.4495	18.4956	19.1197	0.538223	-0.842192	0.0320562	0.032216	-0.0174488	-0.999329	0.842186	0.538895	0.0177407	6.8676	14.7307	14.5449	0.543278	-0.0396636	-0.838616	-0.00485315	0.998718	-0.0503799	0.839539	0.0314402	0.542389	8.49743	14.7161	17.0635	0.65929	-0.750877	0.0389958	0.00239787	-0.0497638	-0.998758	0.751885	0.658565	-0.0310083	10.4753	14.7233	19.3192	0.460252	-0.886925	-0.0391464	-0.279811	-0.103073	-0.954506	0.84254	0.450267	-0.295611
0.192	5.02396	16.5921	12.0645	0.588223	-0.0414487	-0.807636	0.0475807	0.998729	-0.0166015	0.807298	-0.0286625	0.589448	6.70573	18.7323	14.4291	0.645071	0.0129407	-0.764013	-0.039669	0.999075	-0.0165711	0.763092	0.0409971	0.644988	8.64094	18.6133	16.7183	0.602783	-0.79779	-0.0135491	-0.0404645	-0.0136057	-0.999088	0.796879	0.602782	-0.0404835	10.4493	18.4919	19.109	0.53718	-0.842765	0.0344157	0.0340224	-0.0191196	-0.999238	0.842781	0.537942	0.0184022	6.87153	14.7374	14.5437	0.541559	-0.040457	-0.839689	-0.0049948	0.998669	-0.0513383	0.840648	0.0319968	0.540636	8.4962	14.7224	17.0657	0.660925	-0.749397	0.0397884	0.00261166	-0.050722	-0.998709	0.750448	0.660176	-0.0315663	10.479	14.7303	19.317	0.45482	-0.88973	-0.0389763	-0.289301	-0.106213	-0.951327	0.842285	0.443958	-0.305708
0.196	5.02564	16.5915	12.0595	0.587801	-0.0432707	-0.807848	0.0499496	0.998605	-0.0171442	0.807462	-0.0302743	0.589142	6.7025	18.7386	14.4213	0.645979	0.0144128	-0.763219	-0.0412787	0.999018	-0.016072	0.762239	0.0418869	0.645939	8.64043	18.6148	16.708	0.602985	-0.797611	-0.0150206	-0.042057	-0.0129809	-0.999031	0.796643	0.603033	-0.0413725	10.4494	18.4886	19.0979	0.535881	-0.843505	0.0364908	0.0356938	-0.0205479	-0.999152	0.843539	0.536729	0.0190967	6.87558	14.7442	14.5424	0.539819	-0.0408246	-0.84079	-0.00505247	0.998648	-0.0517333	0.841766	0.0321747	0.538883	8.49504	14.729	17.0677	0.662211	-0.74824	0.040155	0.0028075	-0.0511109	-0.998689	0.749312	0.661456	-0.0317455	10.4817	14.7374	19.3156	0.44984	-0.892222	-0.0397911	-0.298957	-0.108445	-0.948085	0.841587	0.438382	-0.315519
