time	torso_X	torso_Y	torso_Z	torso_R00	torso_R01	torso_R02	torso_R10	torso_R11	torso_R12	torso_r20	torso_R21	torso_R22	left_arm_X	left_arm_Y	left_arm_Z	left_arm_R00	left_arm_R01	left_arm_R02	left_arm_R10	left_arm_R11	left_arm_R12	left_arm_r20	left_arm_R21	left_arm_R22	left_forearm_X	left_forearm_Y	left_forearm_Z	left_forearm_R00	left_forearm_R01	left_forearm_R02	left_forearm_R10	left_forearm_R11	left_forearm_R12	left_forearm_r20	left_forearm_R21	left_forearm_R22	left_hand_X	left_hand_Y	left_hand_Z	left_hand_R00	left_hand_R01	left_hand_R02	left_hand_R10	left_hand_R11	left_hand_R12	left_hand_r20	left_hand_R21	left_hand_R22	right_arm_X	right_arm_Y	right_arm_Z	right_arm_R00	right_arm_R01	right_arm_R02	right_arm_R10	right_arm_R11	right_arm_R12	right_arm_r20	right_arm_R21	right_arm_R22	right_forearm_X	right_forearm_Y	right_forearm_Z	right_forearm_R00	right_forearm_R01	right_forearm_R02	right_forearm_R10	right_forearm_R11	right_forearm_R12	right_forearm_r20	right_forearm_R21	right_forearm_R22	right_hand_X	right_hand_Y	right_hand_Z	right_hand_R00	right_hand_R01	right_hand_R02	right_hand_R10	right_hand_R11	right_hand_R12	right_hand_r20	right_hand_R21	right_hand_R22
0.004	5	16.6	12.2	0.6	0	-0.8	0	1	0	0.8	0	0.6	6.8	18.6	14.6	0.6	0	-0.8	0	1	0	0.8	0	0.6	8.6	18.6	17	0.6	-0.8	-0.000637061	0	0.000796327	-1	0.8	0.6	0.000477796	10.4	18.6	19.4	0.6	-0.8	-0.000637061	0	0.000796327	-1	0.8	0.6	0.000477796	6.8	14.6	14.6	0.6	0	-0.8	0	1	0	0.8	0	0.6	8.6	14.6	17	0.6	-0.8	-0.000637061	0	0.000796327	-1	0.8	0.6	0.000477796	10.4	14.6	19.4	0.6	-0.8	-0.000637061	0	0.000796327	-1	0.8	0.6	0.000477796
0.008	5	16.6	12.2	0.6	0	-0.8	0	1	0	0.8	0	0.6	6.8	18.6	14.6	0.6	0	-0.8	0	1	0	0.8	0	0.6	8.6	18.6	17	0.6	-0.8	-0.000637061	0	0.000796327	-1	0.8	0.6	0.000477796	10.4	18.6	19.4	0.6	-0.8	-0.000637061	0	0.000796327	-1	0.8	0.6	0.000477796	6.8	14.6	14.6	0.6	0	-0.8	0	1	0	0.8	0	0.6	8.6	14.6	17	0.6	-0.8	-0.000637061	0	0.000796327	-1	0.8	0.6	0.000477796	10.4	14.6	19.4	0.6	-0.8	-0.000637061	0	0.000796327	-1	0.8	0.6	0.000477796
0.012	4.99993	16.6001	12.1999	0.59943	0.000125533	-0.800427	0.000150027	1	0.000269186	0.800427	-0.000281444	0.59943	6.79847	18.6005	14.6006	0.600172	6.14137e-05	-0.799871	-0.000102525	1	-1.48444e-07	0.799871	8.20956e-05	0.600172	8.59899	18.6002	17.0002	0.600754	-0.799434	-0.000698372	-0.000103104	0.000796103	-1	0.799434	0.600754	0.000395838	10.4012	18.5999	19.3985	0.599058	-0.800705	-0.00070426	-0.000111245	0.00079632	-1	0.800705	0.599058	0.000387968	6.79797	14.6005	14.6017	0.602895	0.00040109	-0.79782	-0.00066918	1	-2.953e-06	0.79782	0.000535666	0.602895	8.60665	14.5985	16.9952	0.596616	-0.802526	-0.00103641	-0.000662934	0.0007986	-0.999999	0.802527	0.596616	-5.55637e-05	10.3965	14.5965	19.4028	0.601982	-0.79851	0.000572527	0.00199839	0.000789556	-0.999998	0.798507	0.601982	0.00207103
0.016	4.99983	16.6001	12.1997	0.598694	0.000280567	-0.800978	0.000420875	1	0.000664865	0.800978	-0.000735162	0.598694	6.79648	18.6014	14.6011	0.600253	0.000173017	-0.79981	-0.0002863	1	1.45625e-06	0.79981	0.000228111	0.600253	8.59723	18.6005	17.0006	0.601965	-0.798522	-0.000809927	-0.000288008	0.000797168	-1	0.798522	0.601965	0.000249886	10.4031	18.5997	19.3961	0.597554	-0.801829	-0.0008409	-0.00033818	0.000796703	-1	0.801829	0.597554	0.000204911	6.79535	14.6014	14.6041	0.607009	0.00106221	-0.794694	-0.0017678	0.999998	-1.36724e-05	0.794693	0.00141316	0.60701	8.61638	14.5961	16.9881	0.592015	-0.805925	-0.00169504	-0.00175283	0.000815633	-0.999998	0.805925	0.592017	-0.000929784	10.3924	14.5908	19.4059	0.604797	-0.796376	0.00239787	0.00566171	0.00128878	-0.999983	0.796359	0.604801	0.0052883
0.02	4.9997	16.6003	12.1993	0.597689	0.000491738	-0.801728	0.00080978	0.999999	0.00121704	0.801728	-0.00137663	0.597688	6.79375	18.6027	14.6017	0.600446	0.00035181	-0.799665	-0.000551175	1	2.60841e-05	0.799665	0.000425094	0.600446	8.59509	18.601	17.0007	0.603376	-0.797456	-0.000988604	-0.000554189	0.000820383	-1	0.797457	0.603376	5.3058e-05	10.4052	18.5994	19.3931	0.595741	-0.803176	-0.00104101	-0.000668312	0.000800411	-0.999999	0.803177	0.595741	-5.99351e-05	6.79178	14.6027	14.6072	0.61262	0.00193985	-0.790375	-0.00320947	0.999995	-3.33362e-05	0.790371	0.00255711	0.612623	8.62964	14.5931	16.9784	0.586014	-0.810297	-0.00256925	-0.00318234	0.00086923	-0.999995	0.810295	0.586019	-0.00206926	10.3877	14.5835	19.4092	0.608392	-0.793624	0.00456045	0.0109469	0.00264588	-0.999937	0.793561	0.608403	0.0102974
0.024	4.99959	16.6004	12.1988	0.596809	0.000671351	-0.802383	0.0013077	0.999998	0.00180935	0.802382	-0.00212911	0.596806	6.79136	18.6043	14.6017	0.600268	0.000618072	-0.799799	-0.000890676	1	0.000104312	0.799799	0.000649747	0.600268	8.59216	18.6016	17.0011	0.605115	-0.796137	-0.00125497	-0.000896131	0.00089521	-0.999999	0.796137	0.605116	-0.000171737	10.4075	18.599	19.3895	0.593676	-0.804703	-0.00130162	-0.00109117	0.000812498	-0.999999	0.804704	0.593676	-0.000395705	6.78867	14.6043	14.6102	0.618374	0.00298324	-0.785878	-0.00484796	0.999988	-1.86423e-05	0.785869	0.00382143	0.618381	8.64379	14.5898	16.9678	0.579723	-0.814806	-0.00360905	-0.00480477	0.00101076	-0.999988	0.8148	0.579733	-0.003329	10.383	14.5754	19.4122	0.612405	-0.790516	0.00660197	0.0173306	0.00507573	-0.999837	0.790354	0.61242	0.0168085
0.028	4.99946	16.6006	12.1982	0.595722	0.000855354	-0.80319	0.00193366	0.999995	0.00249913	0.803188	-0.00304188	0.595718	6.78834	18.6063	14.6017	0.600416	0.00101164	-0.799687	-0.00132141	0.999999	0.000272904	0.799687	0.000892862	0.600417	8.58959	18.6024	17.0008	0.606557	-0.795039	-0.00164845	-0.00132961	0.00105902	-0.999999	0.795039	0.606558	-0.000414734	10.4093	18.5984	19.3859	0.591728	-0.806136	-0.00161305	-0.00158427	0.000838068	-0.999998	0.806136	0.591729	-0.000781227	6.78492	14.6064	14.6139	0.625222	0.00424982	-0.780436	-0.00671937	0.999977	6.2308e-05	0.780418	0.00520508	0.625236	8.66058	14.5862	16.9551	0.572295	-0.820033	-0.0048713	-0.00664796	0.00130066	-0.999977	0.820021	0.572315	-0.00470718	10.3775	14.5663	19.4152	0.617013	-0.786906	0.00860925	0.0249744	0.00864563	-0.999651	0.786556	0.617013	0.024987
0.032	4.99939	16.6007	12.1975	0.594863	0.000959062	-0.803827	0.00268732	0.999991	0.00318183	0.803823	-0.0040529	0.594855	6.78589	18.6088	14.6009	0.600127	0.00155892	-0.799903	-0.00184282	0.999998	0.000566306	0.799903	0.00113422	0.600129	8.58627	18.6032	17.0006	0.608251	-0.793742	-0.0021959	-0.00185661	0.00134377	-0.999997	0.793743	0.608253	-0.00065632	10.411	18.5977	19.3818	0.589664	-0.807646	-0.00197538	-0.00213539	0.000886785	-0.999997	0.807646	0.589667	-0.00120173	6.78206	14.6088	14.6171	0.631739	0.00577016	-0.77516	-0.00878556	0.999961	0.000283496	0.775131	0.00663112	0.631765	8.67727	14.5824	16.9425	0.564983	-0.825078	-0.00638744	-0.0086651	0.00180778	-0.999961	0.825057	0.565016	-0.00612803	10.3722	14.5565	19.4176	0.621743	-0.783151	0.0105095	0.0337369	0.013373	-0.999341	0.782494	0.621688	0.0347357
0.036	4.99932	16.6009	12.1967	0.593833	0.00103057	-0.804588	0.00357962	0.999986	0.00392283	0.80458	-0.00520962	0.593821	6.78288	18.6116	14.6	0.600198	0.00228944	-0.799848	-0.00246318	0.999996	0.00101398	0.799847	0.00136158	0.600202	8.58348	18.6042	16.9996	0.609556	-0.792737	-0.00292638	-0.00248428	0.00178124	-0.999995	0.792739	0.609561	-0.000883619	10.4121	18.5968	19.3778	0.587817	-0.80899	-0.00238881	-0.00273218	0.000967604	-0.999996	0.808989	0.587821	-0.00164153	6.77876	14.6117	14.6209	0.639034	0.00760935	-0.769141	-0.011003	0.999939	0.00075094	0.7691	0.00798301	0.639078	8.69586	14.5787	16.9282	0.556831	-0.830585	-0.00822183	-0.0107865	0.00266688	-0.999938	0.830556	0.556886	-0.00747409	10.3664	14.5463	19.4198	0.626753	-0.779122	0.0121966	0.0432853	0.0191835	-0.998879	0.778015	0.626578	0.0457478
0.04	4.99932	16.6011	12.1958	0.592995	0.000984775	-0.805205	0.00461562	0.999979	0.00462217	0.805193	-0.00645744	0.592978	6.78028	18.6149	14.5985	0.600048	0.00321993	-0.799957	-0.0031862	0.999994	0.00163513	0.799958	0.00156767	0.600055	8.58042	18.6053	16.9983	0.610875	-0.791718	-0.00385695	-0.00321898	0.00238788	-0.999992	0.79172	0.610883	-0.00108983	10.413	18.5957	19.3735	0.585995	-0.81031	-0.0028595	-0.00336356	0.00109644	-0.999994	0.810308	0.586001	-0.00208301	6.77634	14.615	14.6243	0.645873	0.00980029	-0.763382	-0.013433	0.999909	0.00147158	0.763326	0.00930405	0.645946	8.71396	14.5747	16.9143	0.549013	-0.835749	-0.0104082	-0.0130611	0.00387261	-0.999907	0.835712	0.549098	-0.00878966	10.361	14.5355	19.4214	0.631547	-0.775214	0.0138572	0.0538969	0.0260652	-0.998206	0.773462	0.631161	0.058243
0.044	4.99936	16.6013	12.1948	0.592036	0.000870321	-0.805911	0.00580631	0.999969	0.00534531	0.80589	-0.00784398	0.592013	6.77721	18.6186	14.5968	0.600174	0.004361	-0.799858	-0.00401832	0.999989	0.00243701	0.79986	0.00175145	0.600185	8.57773	18.6066	16.9964	0.611917	-0.790906	-0.00499795	-0.00406562	0.00317365	-0.999987	0.790911	0.611929	-0.00127351	10.4135	18.5944	19.3691	0.584321	-0.811515	-0.00339723	-0.00402274	0.00128973	-0.999991	0.811512	0.58433	-0.0025109	6.77373	14.6188	14.6282	0.653145	0.0124064	-0.757132	-0.0160339	0.999868	0.00255213	0.757063	0.0104729	0.653257	8.73316	14.5707	16.8994	0.540732	-0.841094	-0.0130093	-0.0154073	0.0055598	-0.999866	0.841054	0.54086	-0.00995266	10.3554	14.5244	19.4225	0.636251	-0.771329	0.0153947	0.0652118	0.0338869	-0.997296	0.768721	0.635534	0.0718602
0.048	4.99946	16.6015	12.1938	0.591161	0.000620188	-0.806553	0.00714574	0.999956	0.00600636	0.806522	-0.00931415	0.591131	6.77419	18.6228	14.5947	0.600457	0.00570427	-0.799637	-0.00495462	0.999982	0.00341296	0.799642	0.00191256	0.600474	8.57556	18.608	16.9936	0.6126	-0.790368	-0.00634104	-0.00501833	0.00413311	-0.999979	0.790377	0.612619	-0.00143438	10.4134	18.5929	19.3648	0.582843	-0.812575	-0.00402079	-0.00471067	0.00156928	-0.999988	0.812571	0.582855	-0.00291313	6.77171	14.623	14.632	0.660075	0.0154394	-0.751041	-0.0188071	0.999815	0.00402441	0.750964	0.0114685	0.660244	8.75193	14.5666	16.8849	0.53276	-0.846114	-0.0160375	-0.0178059	0.00773916	-0.999812	0.846079	0.532945	-0.0109427	10.3502	14.5132	19.4231	0.640554	-0.767729	0.0168551	0.0771739	0.0425209	-0.996111	0.764026	0.639363	0.0864855
0.052	4.99964	16.6017	12.1927	0.590258	0.000270524	-0.807215	0.00865391	0.99994	0.00666309	0.807168	-0.0109185	0.59022	6.77095	18.6275	14.5924	0.600831	0.00724085	-0.799343	-0.00600691	0.999972	0.00454311	0.799353	0.00207194	0.600858	8.57344	18.6095	16.9904	0.613191	-0.789896	-0.00787739	-0.00608923	0.00524534	-0.999968	0.789911	0.613219	-0.00159346	10.413	18.5912	19.3602	0.581383	-0.813616	-0.00474565	-0.00541941	0.00196017	-0.999983	0.813612	0.581399	-0.00326971	6.76987	14.6277	14.636	0.667066	0.01887	-0.74476	-0.0218133	0.999745	0.00579287	0.74468	0.0123814	0.667307	8.77106	14.5623	16.8701	0.524672	-0.851082	-0.0194631	-0.0203021	0.0103469	-0.99974	0.851062	0.524931	-0.01185	10.3451	14.5014	19.4233	0.644526	-0.764363	0.0183213	0.0899478	0.0520061	-0.994588	0.759273	0.642685	0.102272
0.056	4.99988	16.6018	12.1916	0.589356	-0.000205498	-0.807873	0.0103215	0.99992	0.00727538	0.807807	-0.0126263	0.589312	6.76754	18.6327	14.5897	0.601499	0.00893766	-0.798824	-0.0071664	0.999958	0.00579189	0.798842	0.00224088	0.601537	8.57203	18.6112	16.9862	0.613343	-0.789759	-0.00957379	-0.00726384	0.00648059	-0.999953	0.789783	0.613383	-0.00176186	10.4121	18.5894	19.3556	0.580128	-0.814506	-0.00559957	-0.00615966	0.00248746	-0.999978	0.814502	0.580149	-0.00357404	6.76836	14.633	14.6402	0.673931	0.0227114	-0.738445	-0.0249839	0.999656	0.00794399	0.738371	0.0130955	0.674267	8.79015	14.558	16.8553	0.516637	-0.855887	-0.0232995	-0.0227943	0.0134538	-0.99965	0.855901	0.516987	-0.0125586	10.3401	14.4896	19.423	0.648156	-0.76125	0.0197857	0.103118	0.061996	-0.992735	0.754493	0.645488	0.118682
0.06	5.00021	16.602	12.1904	0.58856	-0.000789208	-0.808453	0.0121529	0.999895	0.0078713	0.808362	-0.0144578	0.588508	6.76431	18.6383	14.5865	0.601956	0.0107581	-0.798456	-0.0084304	0.999939	0.00711716	0.798484	0.00244709	0.602011	8.57018	18.613	16.982	0.613659	-0.789489	-0.011394	-0.00854611	0.00778833	-0.999933	0.789525	0.613715	-0.00196769	10.4112	18.5873	19.3506	0.57874	-0.815485	-0.00660686	-0.00693332	0.00318103	-0.999971	0.815483	0.578769	-0.00381304	6.76747	14.6387	14.6444	0.680524	0.026848	-0.732234	-0.0283621	0.999545	0.0102901	0.732177	0.013765	0.680975	8.80904	14.5536	16.8409	0.508684	-0.860516	-0.0274311	-0.0253447	0.0168805	-0.999536	0.86058	0.509143	-0.0132227	10.3351	14.4776	19.4226	0.651497	-0.75835	0.0213639	0.116856	0.0724872	-0.9905	0.749598	0.647804	0.135843
0.064	5.00064	16.6022	12.1891	0.587747	-0.00146474	-0.809043	0.014164	0.999864	0.00847953	0.808921	-0.0164431	0.587688	6.76095	18.6444	14.583	0.602451	0.0126596	-0.798055	-0.00980576	0.999916	0.00845942	0.798096	0.00272916	0.602525	8.56831	18.615	16.9773	0.613909	-0.789265	-0.0132951	-0.00993836	0.00911315	-0.999909	0.789314	0.613985	-0.00224935	10.41	18.5852	19.3452	0.577347	-0.816461	-0.00778936	-0.00774353	0.00406431	-0.999962	0.816462	0.577386	-0.00397577	6.76681	14.6449	14.6488	0.687199	0.0311729	-0.7258	-0.0319459	0.999409	0.0126775	0.725767	0.0144744	0.687789	8.82841	14.5491	16.8261	0.500433	-0.865193	-0.0317509	-0.0279571	0.0205054	-0.999399	0.865324	0.50102	-0.0139267	10.3297	14.4652	19.4221	0.654716	-0.755521	0.0231468	0.131095	0.0833386	-0.987861	0.74442	0.649803	0.153608
0.068	5.00119	16.6023	12.1879	0.587153	-0.00224677	-0.809473	0.0163239	0.999826	0.00906548	0.809311	-0.0185366	0.587088	6.75816	18.651	14.5787	0.602514	0.0145793	-0.797975	-0.0112618	0.999889	0.00976507	0.798029	0.00310301	0.602611	8.5657	18.6172	16.9728	0.614459	-0.788802	-0.0152147	-0.0114195	0.0103906	-0.999881	0.788866	0.61456	-0.00262313	10.4091	18.5829	19.3394	0.575767	-0.817562	-0.00917909	-0.00861162	0.0051621	-0.99995	0.817568	0.575817	-0.00406836	6.76714	14.6516	14.6529	0.693374	0.0356097	-0.719698	-0.0356519	0.99925	0.0150938	0.719696	0.0151929	0.694124	8.84726	14.5447	16.812	0.492323	-0.86966	-0.0361828	-0.0305721	0.0242668	-0.999238	0.869876	0.493054	-0.0146402	10.3242	14.453	19.4216	0.657885	-0.752694	0.0252934	0.145529	0.0941031	-0.984868	0.738924	0.651611	0.171448
0.072	5.00186	16.6025	12.1866	0.586543	-0.00308289	-0.809912	0.0186739	0.999778	0.00971811	0.809703	-0.0208243	0.58647	6.75532	18.658	14.5741	0.60232	0.0164787	-0.798085	-0.0128195	0.999858	0.0109699	0.798152	0.00362366	0.602445	8.56228	18.6196	16.9685	0.615348	-0.788069	-0.0171143	-0.0130111	0.011554	-0.999849	0.788148	0.615478	-0.00314391	10.4083	18.5805	19.333	0.573964	-0.81881	-0.0107831	-0.00952897	0.00648883	-0.999934	0.818825	0.574028	-0.00407806	6.76765	14.6589	14.6574	0.699781	0.0399148	-0.713241	-0.0395335	0.999072	0.0171232	0.713262	0.0162144	0.70071	8.867	14.5403	16.7972	0.483635	-0.874333	-0.0404828	-0.0333039	0.0278357	-0.999058	0.874636	0.484528	-0.0156564	10.3179	14.4404	19.4211	0.661194	-0.749697	0.0278788	0.160375	0.104945	-0.981461	0.732873	0.653408	0.189621
0.076	5.0027	16.6025	12.1854	0.586214	-0.00409218	-0.810146	0.0212344	0.999721	0.0103152	0.809878	-0.0232499	0.586138	6.75316	18.6657	14.5685	0.601728	0.0183193	-0.798491	-0.0144832	0.999823	0.0120241	0.79857	0.00432944	0.601887	8.55834	18.6222	16.9642	0.616387	-0.787215	-0.0189552	-0.0147177	0.0125503	-0.999813	0.787306	0.616551	-0.00385014	10.4075	18.5781	19.3261	0.572057	-0.820117	-0.0126121	-0.0105016	0.0080518	-0.999912	0.820147	0.572139	-0.00400648	6.76953	14.6668	14.6615	0.7054	0.0438961	-0.707449	-0.0436424	0.998877	0.0184628	0.707465	0.0178511	0.706523	8.88573	14.5359	16.7839	0.475214	-0.878746	-0.0444595	-0.0363678	0.0308694	-0.998862	0.879118	0.47629	-0.0172885	10.3114	14.4268	19.4213	0.664649	-0.746423	0.0330954	0.175183	0.112625	-0.978073	0.726328	0.655872	0.205617
0.08	5.00372	16.6026	12.1842	0.585843	-0.0051723	-0.810408	0.0240162	0.999651	0.0109812	0.810069	-0.0258961	0.585763	6.7509	18.6739	14.5626	0.600891	0.0200671	-0.799079	-0.0162468	0.999785	0.0128901	0.799166	0.00523694	0.601088	8.55358	18.6252	16.9601	0.617804	-0.78606	-0.0207034	-0.0165352	0.0133365	-0.999774	0.786158	0.618007	-0.00475827	10.407	18.5756	19.3186	0.569854	-0.821615	-0.0146717	-0.0115441	0.00984838	-0.999885	0.821665	0.569957	-0.00387269	6.77159	14.6753	14.6662	0.711201	0.0475697	-0.701377	-0.047801	0.998671	0.0192627	0.701362	0.0198269	0.71253	8.90519	14.5319	16.7703	0.466244	-0.883346	-0.0481283	-0.0395137	0.0335548	-0.998655	0.883773	0.467519	-0.0192595	10.3039	14.4134	19.4216	0.668428	-0.742715	0.0397262	0.189654	0.118552	-0.974668	0.719191	0.65903	0.220102
0.084	5.00491	16.6026	12.1831	0.585689	-0.00641645	-0.81051	0.0269728	0.999569	0.0115779	0.810087	-0.0286428	0.58561	6.74915	18.6827	14.556	0.599884	0.0216899	-0.799793	-0.0180768	0.999745	0.013554	0.799883	0.00632684	0.600123	8.5488	18.6284	16.9557	0.619181	-0.784931	-0.0223268	-0.0184209	0.0139057	-0.999734	0.785032	0.619427	-0.00584894	10.4063	18.5732	19.3108	0.567563	-0.823155	-0.0169698	-0.0126935	0.0118602	-0.999849	0.823232	0.567693	-0.00371733	6.77481	14.6844	14.6706	0.71626	0.0507961	-0.695983	-0.0519491	0.998461	0.0194098	0.695897	0.0222532	0.717796	8.92359	14.5285	16.7583	0.457754	-0.887595	-0.0513503	-0.0428267	0.0356766	-0.998445	0.888047	0.459241	-0.0216816	10.2969	14.4001	19.4224	0.672291	-0.738776	0.0472671	0.204077	0.123579	-0.971124	0.711602	0.662524	0.233848
0.088	5.00628	16.6025	12.182	0.585418	-0.00773657	-0.810695	0.0301296	0.999471	0.0122191	0.810171	-0.0315792	0.585342	6.74706	18.6919	14.5493	0.598896	0.0231945	-0.800491	-0.0199802	0.999702	0.0140183	0.800578	0.00759844	0.599181	8.54375	18.6319	16.9511	0.620741	-0.783653	-0.0238319	-0.0203811	0.0142578	-0.999691	0.78375	0.621035	-0.0071213	10.406	18.5708	19.3023	0.564953	-0.824893	-0.0194812	-0.0139498	0.0140581	-0.999804	0.825005	0.565114	-0.00356489	6.77801	14.694	14.6757	0.721515	0.0535707	-0.690323	-0.0560287	0.99825	0.0189063	0.690128	0.0250367	0.723254	8.94255	14.5259	16.746	0.448855	-0.891964	-0.0541204	-0.0462028	0.0373182	-0.998235	0.892409	0.450563	-0.0244608	10.2891	14.3873	19.4233	0.676379	-0.734463	0.0554666	0.218007	0.127696	-0.967557	0.703552	0.666527	0.246489
0.092	5.00783	16.6024	12.181	0.585269	-0.00920549	-0.810787	0.0334412	0.999359	0.0127931	0.810149	-0.0346011	0.585202	6.74522	18.7015	14.5422	0.597825	0.0245889	-0.80125	-0.0219235	0.999657	0.0143202	0.801327	0.00900524	0.598159	8.5387	18.6357	16.9462	0.622387	-0.782303	-0.0252269	-0.0223818	0.014429	-0.999645	0.782389	0.622731	-0.00852891	10.4059	18.5686	19.2934	0.562031	-0.826818	-0.0221856	-0.01534	0.0163984	-0.999748	0.826974	0.56223	-0.00346698	6.78204	14.704	14.6806	0.726137	0.0558387	-0.685279	-0.0600192	0.99804	0.0177257	0.684925	0.0282586	0.728065	8.96046	14.524	16.7354	0.440522	-0.895969	-0.0563843	-0.049747	0.0383477	-0.998025	0.896362	0.442457	-0.0276788	10.282	14.3747	19.4245	0.680372	-0.730069	0.0639821	0.231712	0.131468	-0.96386	0.695273	0.670608	0.258613
0.096	5.00955	16.6023	12.18	0.584948	-0.0107748	-0.810999	0.0369359	0.999228	0.0133651	0.810229	-0.0377729	0.584895	6.74284	18.7115	14.5352	0.597031	0.025918	-0.801799	-0.0239221	0.999609	0.0144994	0.801861	0.0105241	0.597418	8.53394	18.6398	16.9408	0.624041	-0.78094	-0.0265565	-0.0244301	0.0144703	-0.999597	0.78101	0.624438	-0.0100484	10.4061	18.5665	19.2838	0.558736	-0.828968	-0.0250308	-0.0168595	0.018822	-0.999681	0.829174	0.55898	-0.00345949	6.78594	14.7146	14.6863	0.730827	0.0575782	-0.68013	-0.0639301	0.99783	0.0157784	0.679562	0.0319496	0.732922	8.97842	14.5228	16.7249	0.432171	-0.899917	-0.0581197	-0.0534702	0.0387643	-0.997817	0.900205	0.434335	-0.0313659	10.2749	14.3624	19.4256	0.68419	-0.725701	0.0724019	0.245171	0.135371	-0.959982	0.686859	0.674561	0.27054
0.1	5.01144	16.6021	12.1791	0.584637	-0.0124591	-0.811199	0.0405643	0.99908	0.0138903	0.81028	-0.0410265	0.584605	6.74043	18.7219	14.5279	0.596153	0.0272197	-0.802409	-0.025934	0.999556	0.0146396	0.802452	0.0120823	0.596594	8.52889	18.6441	16.9353	0.626052	-0.779283	-0.0278587	-0.0264989	0.0144444	-0.999544	0.779331	0.626505	-0.0116072	10.407	18.5646	19.2733	0.554826	-0.831496	-0.0279739	-0.0185257	0.0212679	-0.999602	0.83176	0.555123	-0.00360408	6.79027	14.7256	14.692	0.735066	0.0589539	-0.675428	-0.067713	0.997615	0.0133838	0.674606	0.0358972	0.737305	8.99547	14.5224	16.7158	0.424389	-0.903523	-0.0594918	-0.0572935	0.0387755	-0.997604	0.903665	0.426781	-0.0353101	10.2686	14.3506	19.4268	0.687677	-0.721519	0.0806878	0.258197	0.139175	-0.956015	0.678554	0.678263	0.282001
0.104	5.0135	16.6018	12.1783	0.584155	-0.0142547	-0.811517	0.0443426	0.998913	0.0143727	0.81043	-0.0443807	0.584152	6.73745	18.7326	14.5208	0.595665	0.0285566	-0.802725	-0.0279732	0.999499	0.0147991	0.802746	0.0136395	0.596165	8.52445	18.6487	16.9291	0.627993	-0.777671	-0.0291958	-0.0285876	0.014438	-0.999487	0.777694	0.628506	-0.0131648	10.4084	18.563	19.2622	0.550487	-0.83427	-0.0309454	-0.0203363	0.023656	-0.999513	0.834596	0.550849	-0.00394367	6.79447	14.737	14.6984	0.739194	0.0599502	-0.670819	-0.0714215	0.997392	0.0104342	0.669695	0.0401981	0.741548	9.01205	14.5227	16.7074	0.41697	-0.906906	-0.0604844	-0.0612987	0.0383352	-0.997383	0.906851	0.419586	-0.0396075	10.263	14.3388	19.428	0.690643	-0.717775	0.0883809	0.271053	0.143611	-0.951791	0.670479	0.681304	0.293739
0.108	5.01572	16.6015	12.1775	0.583581	-0.0161287	-0.811895	0.0482423	0.998725	0.0148358	0.810621	-0.0478255	0.583615	6.7342	18.7436	14.5138	0.595152	0.0299812	-0.803054	-0.0300101	0.999436	0.0150721	0.803053	0.0151295	0.595716	8.51966	18.6536	16.9229	0.630371	-0.77569	-0.0306206	-0.0306879	0.0145138	-0.999424	0.775687	0.630948	-0.0146552	10.4108	18.5615	19.25	0.545414	-0.837481	-0.0338861	-0.0222912	0.0259209	-0.999415	0.83787	0.545851	-0.00453087	6.79872	14.7487	14.7051	0.743092	0.0607055	-0.666431	-0.0750409	0.997155	0.00715834	0.664969	0.0446903	0.745533	9.02799	14.5236	16.7	0.410035	-0.910012	-0.0612362	-0.0654111	0.0376267	-0.997149	0.909721	0.412872	-0.0440966	10.2581	14.3274	19.4291	0.693032	-0.714552	0.095512	0.283616	0.148441	-0.947379	0.662774	0.683653	0.305533
0.112	5.01809	16.6011	12.1768	0.582923	-0.0180958	-0.812326	0.0522441	0.998518	0.0152467	0.810846	-0.0513269	0.583005	6.73067	18.7548	14.5067	0.594856	0.0315415	-0.803213	-0.0320349	0.999366	0.0155194	0.803194	0.016499	0.595489	8.51523	18.6587	16.9163	0.632799	-0.773647	-0.0321811	-0.0327825	0.0147555	-0.999354	0.773622	0.633445	-0.0160248	10.4136	18.5604	19.2371	0.539837	-0.840968	-0.0367313	-0.0243965	0.0279867	-0.999311	0.841416	0.540361	-0.0054084	6.80305	14.7608	14.712	0.7467	0.0613302	-0.662328	-0.0785791	0.996901	0.00372199	0.660503	0.0492659	0.749205	9.04315	14.525	16.6935	0.403629	-0.912829	-0.0618576	-0.069583	0.0367867	-0.996898	0.912273	0.406681	-0.0486692	10.254	14.3163	19.4303	0.694854	-0.711858	0.102159	0.295833	0.15346	-0.942832	0.655485	0.685353	0.317224
0.116	5.02062	16.6006	12.1761	0.582118	-0.0201024	-0.812856	0.0563589	0.998288	0.0156725	0.811149	-0.0549349	0.582254	6.72677	18.7663	14.4997	0.594599	0.0332795	-0.803333	-0.0340485	0.999289	0.0161957	0.803301	0.0177223	0.59531	8.51057	18.6641	16.9096	0.635565	-0.771302	-0.0339192	-0.034886	0.0151981	-0.999276	0.771259	0.636288	-0.0172483	10.4173	18.5595	19.2234	0.533604	-0.844815	-0.039419	-0.0266343	0.0297997	-0.999201	0.845315	0.534228	-0.00659979	6.80718	14.7731	14.7195	0.750295	0.0618266	-0.658206	-0.082083	0.996625	4.78376e-05	0.655987	0.0539916	0.752838	9.05806	14.5269	16.6874	0.397502	-0.91548	-0.0623507	-0.0738675	0.0358039	-0.996625	0.914623	0.400767	-0.0533921	10.2506	14.3053	19.4313	0.696042	-0.709818	0.108095	0.307908	0.159085	-0.938022	0.648628	0.686186	0.329288
0.12	5.02331	16.6002	12.1755	0.581384	-0.0221658	-0.813327	0.0605377	0.998036	0.016074	0.811374	-0.0585821	0.581585	6.72313	18.7778	14.4925	0.594088	0.0352043	-0.803629	-0.0360155	0.999204	0.017147	0.803593	0.0187563	0.594883	8.50539	18.6698	16.9032	0.638753	-0.768577	-0.0358442	-0.0369761	0.0158691	-0.99919	0.768523	0.639561	-0.0182826	10.4216	18.5589	19.2088	0.526727	-0.849	-0.0419112	-0.029013	0.0313204	-0.999088	0.849539	0.527463	-0.00813479	6.81179	14.7857	14.7268	0.753438	0.062307	-0.65456	-0.0855261	0.996329	-0.00360591	0.651933	0.0586988	0.756001	9.0721	14.5291	16.6826	0.391899	-0.91786	-0.0628282	-0.0781653	0.0348254	-0.996332	0.916682	0.395373	-0.0580968	10.2478	14.2946	19.4326	0.696795	-0.708169	0.113903	0.319679	0.164456	-0.933145	0.642092	0.686623	0.340979
0.124	5.02615	16.5996	12.1749	0.580489	-0.0242317	-0.813907	0.0648216	0.99776	0.0165262	0.811684	-0.0623521	0.58076	6.71915	18.7896	14.4853	0.593606	0.0373182	-0.80389	-0.037964	0.999111	0.0183474	0.80386	0.0196277	0.594495	8.49997	18.6757	16.8968	0.64218	-0.765614	-0.0379583	-0.0390751	0.0167588	-0.999096	0.765558	0.643082	-0.0191543	10.4265	18.5585	19.1935	0.519343	-0.853424	-0.0441639	-0.0315099	0.032521	-0.998974	0.853985	0.520201	-0.0100017	6.81608	14.7986	14.7347	0.756764	0.0628576	-0.650659	-0.0889528	0.99601	-0.00723796	0.647608	0.0633554	0.759335	9.08637	14.5317	16.6775	0.386226	-0.920225	-0.0633758	-0.0824557	0.0339881	-0.996015	0.918712	0.389912	-0.0627507	10.245	14.2843	19.4336	0.697204	-0.706844	0.119495	0.331104	0.16967	-0.928214	0.635828	0.68672	0.352333
0.128	5.02916	16.599	12.1743	0.579786	-0.026331	-0.814343	0.0691559	0.997461	0.0169848	0.811829	-0.0661642	0.580135	6.71585	18.8014	14.4775	0.592471	0.0395828	-0.804619	-0.0398497	0.999009	0.0198029	0.804605	0.0203312	0.593462	8.49327	18.6819	16.8913	0.646325	-0.762001	-0.0402235	-0.0411702	0.0178133	-0.998993	0.761951	0.647331	-0.0198586	10.4322	18.5584	19.1772	0.511246	-0.858193	-0.0461789	-0.0341296	0.0334162	-0.998859	0.858756	0.512239	-0.0122059	6.82118	14.8116	14.7421	0.759544	0.0634032	-0.647358	-0.0923701	0.995666	-0.0108608	0.643864	0.0680458	0.762108	9.09981	14.5345	16.6737	0.381019	-0.922355	-0.0639186	-0.0868061	0.0331406	-0.995674	0.920483	0.384919	-0.0674389	10.2429	14.2741	19.4352	0.69735	-0.705708	0.125216	0.342475	0.17462	-0.923157	0.629614	0.686647	0.363459
0.132	5.03233	16.5984	12.1738	0.578907	-0.0284227	-0.814898	0.0735973	0.997134	0.0175049	0.812066	-0.070108	0.57934	6.71221	18.8135	14.4698	0.591408	0.0419508	-0.805281	-0.0417189	0.9989	0.0213985	0.805293	0.0209402	0.592507	8.48643	18.6883	16.8857	0.650571	-0.75825	-0.0425921	-0.0432768	0.0189777	-0.998883	0.758211	0.651688	-0.0204683	10.4381	18.5585	19.1603	0.502816	-0.863063	-0.047947	-0.0368541	0.0340136	-0.998742	0.863608	0.50395	-0.0147048	6.8259	14.8249	14.7502	0.762628	0.0642065	-0.643643	-0.0957893	0.9953	-0.0142111	0.639705	0.0724919	0.765194	9.11378	14.5376	16.6694	0.375454	-0.924579	-0.064719	-0.0910274	0.0327057	-0.995311	0.92236	0.379585	-0.0718825	10.2401	14.2645	19.4364	0.697525	-0.704417	0.131359	0.353296	0.178594	-0.918306	0.62341	0.68695	0.373442
0.136	5.03567	16.5977	12.1734	0.578206	-0.03056	-0.815318	0.0780939	0.996783	0.0180208	0.812145	-0.0740911	0.578732	6.70917	18.8256	14.4616	0.589811	0.0443431	-0.806323	-0.0435319	0.998785	0.0230846	0.806367	0.0214852	0.591025	8.47861	18.695	16.8807	0.655323	-0.754008	-0.0449851	-0.0453804	0.0201468	-0.998767	0.753984	0.656556	-0.0210145	10.4446	18.5588	19.1427	0.493859	-0.868131	-0.0495115	-0.0396918	0.0343739	-0.998621	0.868636	0.495143	-0.0174818	6.83141	14.8384	14.758	0.765211	0.0650946	-0.64048	-0.0992342	0.994911	-0.0174428	0.636085	0.0769049	0.767777	9.12705	14.5407	16.6662	0.370241	-0.926616	-0.0656046	-0.095271	0.0323742	-0.994925	0.924037	0.374612	-0.0762935	10.2378	14.2549	19.4383	0.697691	-0.702987	0.137977	0.364043	0.18202	-0.913423	0.61701	0.687516	0.38291
0.14	5.03919	16.597	12.173	0.577304	-0.0327139	-0.815874	0.0827065	0.996401	0.0185697	0.81233	-0.0781984	0.577932	6.70567	18.8379	14.4536	0.588457	0.0466791	-0.80718	-0.045343	0.998666	0.0246964	0.807256	0.0220672	0.589788	8.47104	18.7019	16.8753	0.659965	-0.749804	-0.0473219	-0.0474888	0.021228	-0.998646	0.749794	0.661319	-0.0215976	10.4509	18.5594	19.1247	0.48472	-0.873187	-0.050903	-0.0426302	0.0345431	-0.998494	0.87363	0.48616	-0.0204804	6.83652	14.8523	14.7663	0.76808	0.0662899	-0.636913	-0.102727	0.994501	-0.0203758	0.63206	0.0810788	0.770666	9.14077	14.5441	16.6625	0.364688	-0.928731	-0.066797	-0.0994004	0.0324967	-0.994517	0.925809	0.369328	-0.080465	10.2348	14.2459	19.44	0.697997	-0.701271	0.144978	0.374378	0.184774	-0.90868	0.610443	0.688533	0.391512
0.144	5.04286	16.5962	12.1726	0.576452	-0.0349479	-0.816384	0.0873874	0.995992	0.0190679	0.812445	-0.0823333	0.577195	6.70232	18.8504	14.4453	0.587119	0.0488645	-0.808024	-0.0471256	0.998547	0.0261442	0.808127	0.0227289	0.588569	8.46368	18.709	16.8697	0.664538	-0.745613	-0.049508	-0.0495704	0.0221209	-0.998526	0.745609	0.666012	-0.0222602	10.4573	18.5603	19.1065	0.475377	-0.878233	-0.0521943	-0.04569	0.034602	-0.998356	0.878595	0.47698	-0.0236775	6.84211	14.8664	14.7746	0.770594	0.0677048	-0.63372	-0.106257	0.994073	-0.0230031	0.628406	0.0850633	0.77322	9.15389	14.5476	16.6598	0.359371	-0.930698	-0.0682094	-0.103444	0.0329123	-0.994091	0.927444	0.364304	-0.0844475	10.232	14.2373	19.4422	0.698495	-0.699139	0.152674	0.384392	0.186602	-0.904114	0.603612	0.690206	0.399084
0.148	5.04669	16.5954	12.1723	0.5754	-0.0372241	-0.817024	0.0921756	0.995551	0.0195581	0.812661	-0.0865634	0.576271	6.69845	18.863	14.4372	0.586123	0.0508174	-0.808627	-0.048915	0.99843	0.0272899	0.808744	0.0235588	0.587689	8.45682	18.7163	16.8634	0.668926	-0.741546	-0.0514613	-0.0516286	0.0227143	-0.998408	0.741534	0.670518	-0.0230908	10.4636	18.5614	19.088	0.465859	-0.883243	-0.0534447	-0.0488655	0.0346273	-0.998205	0.883509	0.467634	-0.0270287	6.84734	14.8808	14.7834	0.773256	0.0693943	-0.630285	-0.109863	0.993623	-0.0253856	0.624504	0.0888744	0.775948	9.16711	14.5512	16.657	0.35396	-0.932645	-0.0698962	-0.10742	0.0336993	-0.993642	0.929071	0.359218	-0.0882564	10.229	14.229	19.4442	0.699045	-0.696891	0.160247	0.394165	0.188549	-0.899491	0.596632	0.691949	0.406494
0.152	5.05068	16.5945	12.1721	0.57426	-0.0395935	-0.817715	0.0970419	0.99508	0.0199686	0.812901	-0.0908198	0.575277	6.69427	18.8758	14.4292	0.585582	0.0524645	-0.808913	-0.0507046	0.99832	0.0280433	0.809026	0.0245939	0.587259	8.45102	18.7237	16.8562	0.672877	-0.737845	-0.0531086	-0.0536274	0.0229499	-0.998297	0.737808	0.67458	-0.0241263	10.4697	18.5628	19.0697	0.456307	-0.888138	-0.0547285	-0.0521819	0.0346905	-0.998035	0.888291	0.458266	-0.0305152	6.85265	14.8955	14.7924	0.775715	0.0713289	-0.62704	-0.113523	0.993156	-0.0274631	0.620789	0.0924867	0.778503	9.17979	14.5549	16.6548	0.348784	-0.934447	-0.0718282	-0.1113	0.0347996	-0.993177	0.930571	0.354399	-0.0918667	10.2261	14.221	19.4465	0.699683	-0.694428	0.167967	0.403608	0.190195	-0.894945	0.589528	0.693971	0.413353
0.156	5.05483	16.5936	12.1719	0.572983	-0.0420044	-0.81849	0.101978	0.994579	0.0203484	0.813198	-0.0951274	0.57416	6.68977	18.8887	14.4213	0.585263	0.0537566	-0.809059	-0.0524853	0.998219	0.0283578	0.809143	0.0258669	0.587043	8.44556	18.7312	16.8487	0.676779	-0.734173	-0.0544009	-0.055563	0.0227451	-0.998196	0.734086	0.678581	-0.0253995	10.4759	18.5645	19.051	0.446479	-0.893033	-0.0561077	-0.0556421	0.0348739	-0.997842	0.893062	0.448637	-0.0341198	6.85778	14.9103	14.8018	0.77813	0.073509	-0.623786	-0.11724	0.992672	-0.0292687	0.617064	0.0959073	0.781047	9.19218	14.5586	16.653	0.34376	-0.936137	-0.0740057	-0.115085	0.0362165	-0.992695	0.931979	0.349766	-0.0952853	10.2235	14.2134	19.4489	0.700287	-0.69201	0.175273	0.412744	0.192175	-0.890343	0.582443	0.695839	0.420201
0.16	5.05912	16.5926	12.1718	0.571544	-0.0444742	-0.819365	0.106986	0.994046	0.0206718	0.813567	-0.0994753	0.572899	6.6848	18.9016	14.4136	0.585417	0.054672	-0.808887	-0.0542699	0.998128	0.0281859	0.808914	0.0273977	0.587288	8.44105	18.7388	16.8403	0.680311	-0.730833	-0.0553161	-0.057418	0.0220971	-0.998106	0.730671	0.682199	-0.0269301	10.482	18.5666	19.0323	0.436591	-0.897812	-0.0576289	-0.0592612	0.0352177	-0.997621	0.897706	0.438968	-0.0378297	6.8627	14.9255	14.8115	0.780474	0.0759074	-0.620563	-0.121039	0.992168	-0.0308676	0.613359	0.0992039	0.783549	9.20412	14.5623	16.6515	0.339028	-0.937669	-0.0764016	-0.118829	0.0378797	-0.992192	0.933241	0.34546	-0.0985799	10.2212	14.2058	19.4513	0.700668	-0.689961	0.181708	0.421735	0.195078	-0.885485	0.575503	0.697064	0.427666
0.164	5.06355	16.5916	12.1717	0.57007	-0.0469737	-0.820252	0.112022	0.993485	0.0209604	0.813923	-0.103835	0.571618	6.67982	18.9146	14.4058	0.585609	0.0552202	-0.808711	-0.05602	0.998049	0.0275829	0.808656	0.0291512	0.587559	8.43664	18.7465	16.8318	0.683877	-0.727455	-0.0558642	-0.0591793	0.0210082	-0.998026	0.727193	0.685834	-0.0286833	10.4883	18.569	19.0134	0.426446	-0.902565	-0.0593304	-0.0630487	0.035773	-0.997369	0.902313	0.429065	-0.0416503	6.86771	14.9407	14.8212	0.782588	0.078508	-0.61757	-0.124884	0.991649	-0.0321916	0.609886	0.102318	0.785857	9.21548	14.566	16.6508	0.334625	-0.939034	-0.0789998	-0.122472	0.0397856	-0.991674	0.934359	0.341514	-0.101692	10.2194	14.1986	19.4539	0.700898	-0.688149	0.187597	0.430432	0.198357	-0.880558	0.568744	0.697929	0.435229
0.168	5.06814	16.5905	12.1717	0.568435	-0.0494679	-0.82124	0.117109	0.992892	0.0212515	0.814351	-0.108255	0.570188	6.67451	18.9276	14.3982	0.586017	0.0554442	-0.8084	-0.0577511	0.997977	0.026582	0.808238	0.0311085	0.588033	8.43256	18.7543	16.823	0.687327	-0.724179	-0.0560879	-0.0608524	0.0195363	-0.997956	0.723794	0.689335	-0.0306402	10.4945	18.5718	18.9943	0.416194	-0.907213	-0.061221	-0.067005	0.0365464	-0.997083	0.906804	0.419082	-0.0455774	6.87238	14.956	14.8313	0.784757	0.0813746	-0.614438	-0.128818	0.99111	-0.033265	0.606269	0.105255	0.788263	9.22665	14.5696	16.6501	0.330418	-0.940278	-0.0818639	-0.126033	0.0420031	-0.991136	0.935382	0.337807	-0.104628	10.2179	14.1915	19.4562	0.700782	-0.686967	0.192303	0.438942	0.202732	-0.875346	0.562348	0.697836	0.44361
0.172	5.07286	16.5894	12.1717	0.566872	-0.05199	-0.822164	0.122203	0.992272	0.0215108	0.814692	-0.112665	0.568844	6.66949	18.9405	14.3904	0.586365	0.0554191	-0.808149	-0.0594287	0.997912	0.0253127	0.807864	0.0331847	0.588434	8.42859	18.7622	16.814	0.690705	-0.72096	-0.0560626	-0.0624243	0.0177924	-0.997891	0.720437	0.692748	-0.0327161	10.5007	18.575	18.9753	0.405887	-0.911728	-0.0633054	-0.0711442	0.0375373	-0.996759	0.91115	0.409076	-0.0496282	6.87745	14.9714	14.8411	0.786546	0.084371	-0.611741	-0.132822	0.990551	-0.0341594	0.603078	0.10812	0.790321	9.23709	14.573	16.6503	0.326673	-0.94132	-0.0848581	-0.129576	0.0443309	-0.990578	0.936213	0.33459	-0.107491	10.2171	14.1842	19.4589	0.700348	-0.68629	0.196264	0.447421	0.207831	-0.869839	0.556172	0.697003	0.452614
0.176	5.07773	16.5882	12.1717	0.565188	-0.0544485	-0.823163	0.127326	0.991621	0.0218317	0.815077	-0.117149	0.567385	6.6644	18.9534	14.3826	0.58665	0.0552462	-0.807954	-0.0610524	0.997848	0.0239011	0.807536	0.035306	0.58876	8.42435	18.7703	16.8052	0.694166	-0.717642	-0.0558896	-0.0639127	0.0158886	-0.997829	0.716972	0.696231	-0.0348371	10.5068	18.5785	18.9561	0.395484	-0.91613	-0.0655623	-0.0754547	0.0387335	-0.996397	0.915368	0.399006	-0.0538079	6.88219	14.9869	14.8512	0.788503	0.0876608	-0.608752	-0.136882	0.989978	-0.0347431	0.599605	0.110722	0.7926	9.2477	14.5763	16.65	0.322859	-0.942333	-0.0881455	-0.13295	0.0470539	-0.990005	0.937062	0.331352	-0.110091	10.2163	14.1774	19.4612	0.699721	-0.685954	0.199644	0.455511	0.213087	-0.864351	0.550364	0.695745	0.461562
0.18	5.08273	16.587	12.1717	0.563658	-0.0569312	-0.824044	0.132444	0.990943	0.0221315	0.815321	-0.121614	0.566093	6.65984	18.9662	14.3744	0.58679	0.0550487	-0.807866	-0.062597	0.997785	0.0225229	0.807316	0.0373538	0.588936	8.42021	18.7784	16.7964	0.697474	-0.714443	-0.055692	-0.0653116	0.0140172	-0.997766	0.713627	0.699554	-0.0368848	10.5126	18.5825	18.9373	0.38519	-0.920331	-0.0679725	-0.0799531	0.0400975	-0.995992	0.919367	0.38908	-0.0581382	6.88757	15.0024	14.8609	0.790015	0.0909824	-0.606298	-0.141005	0.989381	-0.0352632	0.596652	0.11335	0.794455	9.25761	14.5794	16.6508	0.319477	-0.943169	-0.0914652	-0.136364	0.0497592	-0.989408	0.937731	0.328566	-0.112717	10.216	14.1703	19.464	0.698822	-0.686001	0.202609	0.463704	0.2188	-0.858548	0.544635	0.693923	0.471003
0.184	5.08789	16.5857	12.1717	0.562042	-0.0593248	-0.824979	0.137577	0.990235	0.0225198	0.815587	-0.126155	0.564715	6.65536	18.9789	14.3662	0.586733	0.0549582	-0.807913	-0.0640542	0.997718	0.0213513	0.807243	0.0392227	0.588915	8.41556	18.7868	16.7879	0.700931	-0.711059	-0.0556015	-0.0666454	0.0123194	-0.997701	0.710109	0.703025	-0.0387537	10.5184	18.5868	18.9183	0.374827	-0.92441	-0.0704984	-0.0846192	0.0416121	-0.995544	0.923225	0.379122	-0.0626256	6.89266	15.018	14.8708	0.791743	0.0944565	-0.603507	-0.14513	0.98877	-0.0356415	0.593364	0.115806	0.79656	9.26789	14.5826	16.6509	0.315841	-0.94405	-0.0949371	-0.139635	0.0527207	-0.988798	0.938481	0.32556	-0.115172	10.2154	14.1637	19.4664	0.697905	-0.686053	0.205571	0.47151	0.224086	-0.852915	0.539079	0.692183	0.479872
0.188	5.09318	16.5844	12.1718	0.560601	-0.061728	-0.825782	0.142687	0.989503	0.0228997	0.8157	-0.130666	0.563524	6.65153	18.9915	14.3576	0.586435	0.0551062	-0.80812	-0.0653925	0.997647	0.0205763	0.807353	0.0407783	0.588659	8.41083	18.7953	16.7796	0.704325	-0.707686	-0.0557497	-0.0679104	0.011003	-0.997631	0.706622	0.706442	-0.0403095	10.5238	18.5916	18.8995	0.364533	-0.928315	-0.0731169	-0.0894685	0.0432404	-0.995051	0.926882	0.369271	-0.0672924	6.89844	15.0335	14.8802	0.793076	0.0978145	-0.601218	-0.149224	0.988145	-0.0360777	0.590562	0.118328	0.79827	9.27767	14.5858	16.6519	0.312404	-0.94485	-0.0982933	-0.142927	0.055543	-0.988174	0.939135	0.322758	-0.117693	10.2149	14.157	19.4693	0.697067	-0.685808	0.2092	0.47922	0.228594	-0.847404	0.533334	0.69095	0.487998
0.192	5.09863	16.583	12.1719	0.55906	-0.06406	-0.826649	0.147807	0.988741	0.0233402	0.815847	-0.135233	0.562233	6.64769	19.0039	14.349	0.586092	0.055607	-0.808334	-0.0666174	0.997572	0.0203232	0.807501	0.0419378	0.588373	8.40597	18.8041	16.7715	0.707723	-0.704248	-0.0562506	-0.0691359	0.0102011	-0.997555	0.7031	0.709881	-0.0414693	10.5291	18.5967	18.8808	0.35421	-0.932089	-0.0757932	-0.0944808	0.0449646	-0.994511	0.930381	0.359427	-0.0721376	6.90393	15.049	14.8899	0.794614	0.101079	-0.598642	-0.153248	0.987507	-0.0366774	0.587455	0.120885	0.800177	9.28777	14.5892	16.6523	0.308688	-0.945726	-0.101555	-0.146187	0.0583292	-0.987536	0.939862	0.319687	-0.120247	10.2138	14.1507	19.4719	0.696354	-0.685332	0.213099	0.48667	0.232673	-0.842031	0.527488	0.69006	0.495553
0.196	5.10423	16.5816	12.172	0.557632	-0.0663936	-0.827429	0.152895	0.987957	0.0237662	0.815886	-0.139762	0.561067	6.64434	19.0162	14.3402	0.585558	0.0565483	-0.808656	-0.0676905	0.997491	0.0207378	0.8078	0.0425951	0.587916	8.40101	18.8131	16.7636	0.711144	-0.700716	-0.0571923	-0.0703182	0.0100489	-0.997474	0.699521	0.71337	-0.0421269	10.5344	18.6022	18.8621	0.343798	-0.935755	-0.0785176	-0.0996628	0.0467819	-0.993921	0.93374	0.349534	-0.0771764	6.90991	15.0644	14.8992	0.795869	0.104046	-0.596462	-0.157134	0.986864	-0.0375201	0.584723	0.123586	0.801764	9.29752	14.593	16.6534	0.304982	-0.946605	-0.104521	-0.149474	0.0608106	-0.986894	0.940555	0.316608	-0.122947	10.2125	14.1445	19.475	0.696011	-0.684029	0.21834	0.493856	0.235307	-0.8371	0.521224	0.69046	0.501588
0.2	5.10998	16.5801	12.1722	0.556061	-0.0687075	-0.828297	0.15799	0.987145	0.0241797	0.815987	-0.144308	0.559768	6.64075	19.0284	14.3315	0.585339	0.0579734	-0.808713	-0.0686333	0.997403	0.0218237	0.807878	0.0427305	0.587798	8.39677	18.8225	16.7552	0.714282	-0.697399	-0.0586174	-0.0714792	0.0106221	-0.997386	0.696198	0.716604	-0.0422624	10.5396	18.608	18.8438	0.333371	-0.939286	-0.0812801	-0.105008	0.0486831	-0.993279	0.93693	0.339665	-0.0824026	6.91558	15.0798	14.9088	0.79727	0.106746	-0.59411	-0.160876	0.986216	-0.0386906	0.58179	0.126425	0.803453	9.30739	14.5971	16.6542	0.301043	-0.947564	-0.107219	-0.152779	0.0630581	-0.986247	0.941292	0.313284	-0.125785	10.2105	14.1388	19.478	0.696	-0.682136	0.224219	0.500729	0.237279	-0.832448	0.51464	0.691657	0.506712
