time	torso_X	torso_Y	torso_Z	torso_R00	torso_R01	torso_R02	torso_R10	torso_R11	torso_R12	torso_r20	torso_R21	torso_R22	left_arm_X	left_arm_Y	left_arm_Z	left_arm_R00	left_arm_R01	left_arm_R02	left_arm_R10	left_arm_R11	left_arm_R12	left_arm_r20	left_arm_R21	left_arm_R22	left_forearm_X	left_forearm_Y	left_forearm_Z	left_forearm_R00	left_forearm_R01	left_forearm_R02	left_forearm_R10	left_forearm_R11	left_forearm_R12	left_forearm_r20	left_forearm_R21	left_forearm_R22	left_hand_X	left_hand_Y	left_hand_Z	left_hand_R00	left_hand_R01	left_hand_R02	left_hand_R10	left_hand_R11	left_hand_R12	left_hand_r20	left_hand_R21	left_hand_R22	right_arm_X	right_arm_Y	right_arm_Z	right_arm_R00	right_arm_R01	right_arm_R02	right_arm_R10	right_arm_R11	right_arm_R12	right_arm_r20	right_arm_R21	right_arm_R22	right_forearm_X	right_forearm_Y	right_forearm_Z	right_forearm_R00	right_forearm_R01	right_forearm_R02	right_forearm_R10	right_forearm_R11	right_forearm_R12	right_forearm_r20	right_forearm_R21	right_forearm_R22	right_hand_X	right_hand_Y	right_hand_Z	right_hand_R00	right_hand_R01	right_hand_R02	right_hand_R10	right_hand_R11	right_hand_R12	right_hand_r20	right_hand_R21	right_hand_R22
0.004	5	16.6	12.2	0.6	0	-0.8	0	1	0	0.8	0	0.6	6.8	18.6	14.6	0.6	0	-0.8	0	1	0	0.8	0	0.6	8.6	18.6	17	0.6	-0.8	-0.000637061	0	0.000796327	-1	0.8	0.6	0.000477796	10.4	18.6	19.4	0.6	-0.8	-0.000637061	0	0.000796327	-1	0.8	0.6	0.000477796	6.8	14.6	14.6	0.6	0	-0.8	0	1	0	0.8	0	0.6	8.6	14.6	17	0.6	-0.8	-0.000637061	0	0.000796327	-1	0.8	0.6	0.000477796	10.4	14.6	19.4	0.6	-0.8	-0.000637061	0	0.000796327	-1	0.8	0.6	0.000477796
0.008	5	16.6	12.2	0.6	0	-0.8	0	1	0	0.8	0	0.6	6.8	18.6	14.6	0.6	0	-0.8	0	1	0	0.8	0	0.6	8.6	18.6	17	0.6	-0.8	-0.000637061	0	0.000796327	-1	0.8	0.6	0.000477796	10.4	18.6	19.4	0.6	-0.8	-0.000637061	0	0.000796327	-1	0.8	0.6	0.000477796	6.8	14.6	14.6	0.6	0	-0.8	0	1	0	0.8	0	0.6	8.6	14.6	17	0.6	-0.8	-0.000637061	0	0.000796327	-1	0.8	0.6	0.000477796	10.4	14.6	19.4	0.6	-0.8	-0.000637061	0	0.000796327	-1	0.8	0.6	0.000477796
0.012	5.00003	16.6	12.1998	0.600146	-3.02007e-05	-0.799891	2.94869e-06	1	-3.55437e-05	0.799891	1.89728e-05	0.600146	6.80041	18.6	14.5995	0.599613	-0.000142816	-0.80029	0.000237969	1	-1.58253e-07	0.80029	-0.000190349	0.599613	8.59925	18.6007	17.0004	0.600081	-0.799939	-0.000494477	0.000237503	0.000796308	-1	0.799939	0.600081	0.000667837	10.3995	18.6014	19.4002	0.60068	-0.799488	-0.00126879	-0.00105216	0.000796486	-0.999999	0.799489	0.600681	-0.000362756	6.80053	14.6	14.5995	0.599523	0.000236499	-0.800357	-0.000394069	1	3.06833e-07	0.800357	0.000315212	0.599523	8.5991	14.5988	17.0005	0.600008	-0.799994	-0.000873845	-0.000394551	0.000796395	-1	0.799994	0.600008	0.000162205	10.3991	14.5976	19.4005	0.600799	-0.7994	-0.000238235	0.000655015	0.000790301	-0.999999	0.7994	0.600798	0.000998432
0.016	5.00007	16.6	12.1995	0.600168	2.76479e-05	-0.799874	-5.76282e-05	1	-8.67473e-06	0.799874	5.13016e-05	0.600168	6.80063	18.5998	14.5992	0.598994	-0.000427291	-0.800753	0.000712047	1	-9.73138e-07	0.800753	-0.000569591	0.598994	8.59761	18.602	17.0015	0.600678	-0.799491	-0.00021037	0.000710371	0.00079685	-0.999999	0.799491	0.600678	0.00104659	10.3996	18.6041	19.3999	0.601253	-0.799055	-0.00238761	-0.00291147	0.000797267	-0.999995	0.799053	0.601258	-0.00184707	6.80052	14.5998	14.599	0.59973	0.000523589	-0.800202	-0.000873174	1	-9.90315e-08	0.800202	0.000698775	0.59973	8.59971	14.5972	16.9996	0.599002	-0.800746	-0.00116081	-0.00087245	0.000797021	-0.999999	0.800747	0.599003	-0.000221194	10.3967	14.5946	19.4018	0.602576	-0.798061	0.000124611	0.00145956	0.000945897	-0.999998	0.79806	0.602576	0.00173479
0.02	5.00013	16.6	12.199	0.60018	2.53383e-05	-0.799865	-4.47797e-05	1	-1.92239e-06	0.799865	3.69715e-05	0.60018	6.80072	18.5999	14.5986	0.59805	-0.000777062	-0.801459	0.00129322	0.999999	-4.55282e-06	0.801458	-0.00103374	0.59805	8.59487	18.6037	17.003	0.601871	-0.798593	0.000138839	0.00128943	0.000797941	-0.999999	0.798592	0.60187	0.00150999	10.4005	18.6076	19.3988	0.601575	-0.798807	-0.00384464	-0.00532919	0.000799543	-0.999985	0.798799	0.601587	-0.00377601	6.80062	14.5999	14.5985	0.599566	0.000955857	-0.800324	-0.00160298	0.999999	-6.54152e-06	0.800323	0.00128682	0.599567	8.59932	14.595	16.9995	0.598679	-0.800987	-0.00159318	-0.0016021	0.000791559	-0.999998	0.800987	0.598681	-0.000809373	10.3954	14.5902	19.4024	0.604219	-0.796818	0.000636873	0.00271383	0.0012586	-0.999996	0.796814	0.604218	0.0029229
0.024	5.00022	16.6	12.1983	0.60022	4.26301e-05	-0.799835	-7.48127e-05	1	-2.84307e-06	0.799835	6.15442e-05	0.60022	6.80096	18.5997	14.5979	0.596905	-0.00122549	-0.802311	0.00205694	0.999998	2.87841e-06	0.802309	-0.00165203	0.596907	8.59168	18.6059	17.0049	0.603051	-0.797703	0.000586593	0.00205074	0.00081498	-0.999998	0.7977	0.60305	0.00212736	10.4008	18.6121	19.398	0.602602	-0.798022	-0.00566139	-0.00831614	0.000814347	-0.999965	0.797998	0.602628	-0.00614573	6.80079	14.5997	14.5977	0.599331	0.00135421	-0.8005	-0.00227172	0.999997	-9.13368e-06	0.800498	0.00182399	0.599333	8.59879	14.5929	16.9992	0.598198	-0.801346	-0.00199166	-0.0022706	0.000790406	-0.999997	0.801345	0.5982	-0.00134672	10.3934	14.5861	19.4032	0.606227	-0.795291	0.000905463	0.00385039	0.00179652	-0.999991	0.795282	0.606225	0.00415128
0.028	5.00034	16.5999	12.1975	0.600396	-4.43584e-05	-0.799702	-0.000121641	1	-0.000146794	0.799702	0.000185411	0.600396	6.80144	18.5996	14.597	0.596099	-0.00175462	-0.802909	0.00299458	0.999996	3.79342e-05	0.802906	-0.00242699	0.596101	8.58973	18.6085	17.0057	0.603221	-0.797573	0.00111524	0.00298704	0.000860877	-0.999995	0.797568	0.603222	0.00290168	10.3994	18.6175	19.3984	0.60496	-0.796217	-0.00788605	-0.0119193	0.000847516	-0.999929	0.796167	0.605011	-0.00897761	6.80162	14.5996	14.5962	0.598159	0.00174667	-0.801376	-0.00291464	0.999996	4.05522e-06	0.801372	0.00233329	0.598161	8.59609	14.5908	17.0003	0.598636	-0.801017	-0.00238483	-0.00291511	0.000798641	-0.999995	0.801016	0.598641	-0.00185696	10.392	14.5821	19.4034	0.608044	-0.793903	0.00102199	0.00488771	0.00245617	-0.999985	0.793888	0.60804	0.00537383
0.032	5.00054	16.5999	12.1965	0.600899	-0.000247856	-0.799325	-0.000108767	1	-0.000391848	0.799325	0.000322402	0.600899	6.80274	18.5996	14.5951	0.594248	-0.00235758	-0.804278	0.00407791	0.999992	8.1727e-05	0.804271	-0.00332834	0.594253	8.58549	18.6118	17.0079	0.604572	-0.796548	0.00171711	0.00406624	0.000930571	-0.999991	0.79654	0.604574	0.00380156	10.3992	18.624	19.3975	0.606881	-0.794723	-0.0105709	-0.0162342	0.000902608	-0.999868	0.794627	0.606972	-0.0123539	6.80373	14.5996	14.5938	0.595349	0.00221997	-0.803464	-0.00365757	0.999993	5.28062e-05	0.803459	0.00290728	0.595353	8.58978	14.5886	17.0042	0.600703	-0.799467	-0.00285979	-0.00366316	0.000824674	-0.999993	0.799464	0.600709	-0.00243319	10.3919	14.5776	19.4026	0.609317	-0.792926	0.00118076	0.00603554	0.00314888	-0.999977	0.792904	0.60931	0.0067044
0.036	5.00074	16.5998	12.1953	0.601198	-0.000436696	-0.7991	-0.000183293	1	-0.000684384	0.7991	0.00055792	0.601198	6.80346	18.5992	14.5937	0.593022	-0.00311698	-0.80518	0.00543742	0.999985	0.000133605	0.805168	-0.00445734	0.59303	8.58253	18.6156	17.0092	0.605293	-0.795999	0.00247579	0.00542253	0.00101315	-0.999985	0.795984	0.605298	0.00492958	10.3984	18.6318	19.3972	0.60932	-0.792803	-0.0138573	-0.0214799	0.00096617	-0.999769	0.792633	0.609477	-0.0164407	6.80521	14.5992	14.5915	0.592947	0.00257197	-0.805237	-0.0041862	0.999991	0.000111464	0.805231	0.0033048	0.592952	8.58405	14.5867	17.0072	0.60201	-0.798482	-0.00321321	-0.0041962	0.00086041	-0.999991	0.798477	0.602018	-0.00283261	10.3901	14.5741	19.4026	0.611175	-0.791495	0.00103337	0.00670024	0.00386823	-0.99997	0.791467	0.611164	0.00766737
0.04	5.00096	16.5997	12.194	0.601318	-0.000616248	-0.799009	-0.000253938	1	-0.000962373	0.79901	0.000781592	0.601318	6.80369	18.5989	14.5926	0.592006	-0.00399513	-0.805924	0.00702166	0.999975	0.000200808	0.805903	-0.00577781	0.592019	8.5797	18.62	17.0103	0.605645	-0.795728	0.00335335	0.00700367	0.00111655	-0.999975	0.795704	0.605653	0.00624924	10.3966	18.641	19.3974	0.612682	-0.790128	-0.0178388	-0.0276916	0.00109573	-0.999616	0.789844	0.612941	-0.0212086	6.80615	14.5989	14.5895	0.590743	0.00289206	-0.806854	-0.00470282	0.999989	0.00014112	0.806846	0.00371112	0.59075	8.57838	14.5848	17.01	0.603349	-0.79747	-0.00353457	-0.00471697	0.000863426	-0.999989	0.797464	0.603358	-0.00324069	10.3884	14.5707	19.4024	0.612942	-0.790128	0.000894831	0.00721074	0.00446126	-0.999964	0.790095	0.612926	0.00843189
0.044	5.00121	16.5996	12.1926	0.601245	-0.000762004	-0.799064	-0.000299228	0.999999	-0.00117877	0.799065	0.000947832	0.601244	6.80342	18.5987	14.5917	0.590961	-0.00499469	-0.806685	0.00881245	0.999961	0.000264443	0.806652	-0.00726515	0.590982	8.57631	18.6251	17.0117	0.606014	-0.795442	0.0043523	0.00879097	0.00122613	-0.999961	0.795405	0.606029	0.00773576	10.3943	18.6515	19.3979	0.616694	-0.786881	-0.0225272	-0.0348435	0.00130354	-0.999392	0.786432	0.617104	-0.0266138	6.80647	14.5987	14.5879	0.58896	0.00315633	-0.808156	-0.00523162	0.999986	9.29008e-05	0.808145	0.00417325	0.588969	8.57335	14.583	17.0124	0.604445	-0.796638	-0.00379989	-0.0052478	0.0007881	-0.999986	0.79663	0.604456	-0.00370423	10.3867	14.5672	19.4022	0.614698	-0.788762	0.000824066	0.00761613	0.00489069	-0.999959	0.788726	0.614679	0.00901362
0.048	5.00145	16.5994	12.1911	0.600951	-0.00083469	-0.799286	-0.000418197	0.999999	-0.00135872	0.799286	0.00115078	0.60095	6.80263	18.5981	14.5913	0.590279	-0.00618585	-0.807175	0.0108545	0.999941	0.000274693	0.807126	-0.00892367	0.590312	8.57347	18.6307	17.0126	0.606132	-0.795345	0.00554308	0.0108312	0.0012855	-0.999941	0.79529	0.606156	0.00939375	10.3919	18.6632	19.3985	0.620912	-0.783387	-0.0278012	-0.0428511	0.00149203	-0.99908	0.782708	0.621533	-0.0326426	6.80597	14.5982	14.5867	0.58805	0.00326414	-0.808818	-0.0055745	0.999984	-1.73049e-05	0.808805	0.00451893	0.588059	8.57012	14.5814	17.0131	0.604527	-0.796575	-0.00390822	-0.00558931	0.000664433	-0.999984	0.796565	0.604539	-0.00405064	10.3837	14.5647	19.4028	0.616899	-0.787042	0.000604296	0.0075539	0.00515312	-0.999958	0.787006	0.616877	0.0091242
0.052	5.00178	16.5992	12.1894	0.600914	-0.000979541	-0.799313	-0.000453056	0.999999	-0.00156608	0.799314	0.00130321	0.600912	6.80256	18.5979	14.59	0.58852	-0.00748287	-0.808448	0.0129989	0.999915	0.000207644	0.808378	-0.0106311	0.588568	8.56812	18.6369	17.0151	0.607483	-0.794304	0.00683908	0.0129715	0.00131116	-0.999915	0.794227	0.60752	0.0110998	10.3906	18.6758	19.3978	0.624658	-0.780179	-0.0335113	-0.0514308	0.00171785	-0.998675	0.779203	0.625554	-0.0390522	6.80648	14.5979	14.5847	0.586079	0.00331432	-0.810247	-0.0060444	0.999982	-0.000281692	0.810231	0.00506255	0.586089	8.56472	14.5797	17.0154	0.605817	-0.795594	-0.00395954	-0.00605522	0.000365905	-0.999982	0.795581	0.605829	-0.00459583	10.3822	14.5616	19.4022	0.618486	-0.785795	0.000646887	0.00758882	0.00514985	-0.999958	0.785759	0.618465	0.00914837
0.056	5.00215	16.5991	12.1876	0.600924	-0.00123878	-0.799306	-0.000452153	0.999998	-0.00188975	0.799306	0.001497	0.600922	6.80244	18.5977	14.5885	0.587232	-0.00878153	-0.809371	0.0152499	0.999884	0.000215902	0.809275	-0.0124697	0.587297	8.56414	18.6434	17.0163	0.607759	-0.79408	0.008137	0.015219	0.00140219	-0.999883	0.793976	0.607812	0.0129373	10.3874	18.6891	19.3983	0.629654	-0.775859	-0.0397389	-0.0604437	0.00207195	-0.998169	0.774521	0.630903	-0.0455912	6.8074	14.5977	14.5825	0.583556	0.00323863	-0.812066	-0.0065066	0.999979	-0.00068763	0.812047	0.00568506	0.583565	8.55807	14.5782	17.0187	0.607474	-0.79433	-0.0038853	-0.00650695	-8.50804e-05	-0.999979	0.794313	0.607486	-0.00522035	10.3805	14.5587	19.4016	0.620057	-0.784556	0.000778871	0.00751197	0.00494421	-0.99996	0.784521	0.620038	0.00895926
0.06	5.00256	16.5989	12.1857	0.600956	-0.00149415	-0.799281	-0.000474367	0.999997	-0.00222602	0.799282	0.00171689	0.600954	6.80244	18.5974	14.5869	0.585733	-0.0100937	-0.810441	0.0176237	0.999845	0.000284557	0.810313	-0.0144497	0.58582	8.55964	18.6503	17.0179	0.608145	-0.79377	0.00944836	0.0175866	0.00157268	-0.999844	0.793631	0.608216	0.0149162	10.3841	18.7031	19.3988	0.634986	-0.771131	-0.0463668	-0.0697675	0.00253167	-0.99756	0.769367	0.636672	-0.0521923	6.80842	14.5974	14.5801	0.580943	0.00301497	-0.813938	-0.00685711	0.999976	-0.00119014	0.813915	0.00627267	0.58095	8.55125	14.5769	17.0218	0.608976	-0.79318	-0.00366313	-0.00683921	-0.000632734	-0.999976	0.793159	0.608987	-0.00581004	10.3782	14.5564	19.4013	0.621841	-0.783143	0.000883678	0.00715162	0.00455029	-0.999964	0.783111	0.621825	0.0084303
0.064	5.00304	16.5987	12.1836	0.600927	-0.00183942	-0.799302	-0.000387576	0.999997	-0.00259266	0.799304	0.00186779	0.600924	6.80214	18.5975	14.5853	0.583987	-0.011462	-0.811682	0.0200105	0.9998	0.00027866	0.811517	-0.0164049	0.584099	8.5541	18.6575	17.0198	0.60919	-0.79295	0.0108156	0.0199669	0.00170274	-0.999799	0.792773	0.609284	0.01687	10.3817	18.7174	19.3981	0.639777	-0.766724	-0.0531097	-0.0792501	0.0029216	-0.99685	0.764464	0.641971	-0.0588937	6.8095	14.5975	14.5778	0.57788	0.00269211	-0.816117	-0.00736077	0.999971	-0.00191346	0.816089	0.007113	0.577883	8.54314	14.5754	17.0261	0.611258	-0.791424	-0.00334201	-0.00730805	-0.00142174	-0.999972	0.791397	0.611266	-0.00665282	10.3769	14.5535	19.4002	0.623223	-0.782043	0.00128714	0.0070031	0.00393507	-0.999968	0.782013	0.623212	0.00792916
0.068	5.00352	16.5984	12.1814	0.600582	-0.00211785	-0.799561	-0.000327951	0.999996	-0.00289509	0.799563	0.00200096	0.600578	6.80103	18.5974	14.5841	0.582493	-0.0129118	-0.812733	0.0225262	0.999746	0.000261878	0.812524	-0.0184603	0.582636	8.54851	18.665	17.0217	0.610331	-0.792051	0.0122646	0.022476	0.00183865	-0.999746	0.791827	0.610452	0.0189243	10.3795	18.7325	19.3972	0.644519	-0.762219	-0.0601451	-0.089059	0.00328721	-0.996021	0.759384	0.647311	-0.0657638	6.8095	14.5975	14.5761	0.575789	0.00222236	-0.817595	-0.00774958	0.999966	-0.00273955	0.817561	0.00791342	0.575787	8.53687	14.5742	17.0288	0.612488	-0.790475	-0.00287343	-0.00765286	-0.00229476	-0.999968	0.790443	0.61249	-0.00745491	10.3743	14.5513	19.4001	0.625161	-0.780494	0.00165311	0.00664424	0.00320393	-0.999973	0.780468	0.625155	0.00718876
0.072	5.00404	16.5982	12.1792	0.600069	-0.00236584	-0.799945	-0.000273987	0.999995	-0.00316302	0.799948	0.0021172	0.600066	6.79951	18.5974	14.5833	0.581163	-0.0143681	-0.81366	0.0251859	0.999683	0.000336219	0.813397	-0.0206882	0.581341	8.543	18.6729	17.0234	0.611202	-0.791356	0.0137202	0.0251259	0.0020739	-0.999682	0.791076	0.611353	0.0211511	10.3766	18.7483	19.3967	0.649852	-0.757033	-0.0677716	-0.0993562	0.0037897	-0.995045	0.753538	0.653366	-0.0727532	6.80898	14.5974	14.5748	0.574175	0.00165822	-0.818731	-0.00810665	0.99996	-0.00365991	0.818692	0.0087386	0.574166	8.5315	14.5731	17.0309	0.613299	-0.789847	-0.0023102	-0.00795785	-0.00325434	-0.999963	0.78981	0.613295	-0.00828137	10.3714	14.5492	19.4003	0.627339	-0.778743	0.00209362	0.00624426	0.00234185	-0.999978	0.778721	0.627338	0.00633181
0.076	5.00463	16.598	12.1768	0.599649	-0.00271496	-0.800258	-0.000118874	0.999994	-0.00348166	0.800263	0.00218291	0.599645	6.79814	18.5976	14.5819	0.579523	-0.0159394	-0.8148	0.0279377	0.99961	0.000315797	0.814477	-0.0229467	0.579742	8.53671	18.6814	17.0254	0.612363	-0.790429	0.0152906	0.0278688	0.0022535	-0.999609	0.790086	0.612549	0.0234083	10.3738	18.765	19.3956	0.655139	-0.75169	-0.0758619	-0.110231	0.0042337	-0.993897	0.747423	0.659503	-0.0800856	6.809	14.5976	14.5732	0.571943	0.000993156	-0.820293	-0.00863829	0.999951	-0.00481231	0.820248	0.0098383	0.571923	8.52483	14.5717	17.034	0.61474	-0.788728	-0.00164638	-0.00841259	-0.00446954	-0.999955	0.788685	0.614726	-0.00938286	10.3691	14.5465	19.4	0.629389	-0.777085	0.00283779	0.00620124	0.00137084	-0.99998	0.777066	0.629394	0.00568168
0.08	5.00527	16.5977	12.1743	0.599298	-0.00304335	-0.80052	-3.75963e-06	0.999993	-0.00380451	0.800526	0.00228304	0.599294	6.79707	18.5977	14.5804	0.577356	-0.0178712	-0.816297	0.0309019	0.999522	-2.60966e-05	0.815907	-0.02521	0.577633	8.52914	18.6904	17.0282	0.614407	-0.788801	0.0172212	0.0308334	0.0021949	-0.999522	0.788386	0.614645	0.02567	10.3724	18.7829	19.3933	0.659596	-0.746884	-0.0842473	-0.121877	0.00432284	-0.992536	0.741673	0.664941	-0.0881768	6.80925	14.5977	14.5713	0.569882	0.000281531	-0.821726	-0.0090605	0.999941	-0.00594103	0.821676	0.0108309	0.569851	8.51889	14.5705	17.0363	0.615399	-0.788215	-0.000935894	-0.00875535	-0.00564844	-0.999946	0.788167	0.615374	-0.0103771	10.3651	14.5442	19.4008	0.632211	-0.774788	0.00352156	0.00607157	0.000409163	-0.999981	0.774772	0.632221	0.00496286
0.084	5.00596	16.5974	12.1717	0.598989	-0.00349639	-0.80075	0.00017965	0.999991	-0.00423197	0.800757	0.00239105	0.598984	6.79594	18.5979	14.5787	0.575395	-0.0200342	-0.81763	0.03401	0.999421	-0.000554503	0.817168	-0.0274886	0.575743	8.52212	18.7	17.0303	0.616135	-0.787402	0.019383	0.033954	0.00196648	-0.999421	0.786908	0.616437	0.027947	10.3705	18.8018	19.391	0.664148	-0.741777	-0.093141	-0.134308	0.0041738	-0.990931	0.735438	0.670634	-0.0968544	6.80992	14.598	14.5692	0.567355	-0.000446874	-0.823473	-0.0095966	0.999928	-0.00715448	0.823417	0.0119617	0.56731	8.51199	14.5692	17.0394	0.616494	-0.787359	-0.00020888	-0.00919119	-0.00693134	-0.999934	0.787306	0.616456	-0.0115099	10.3615	14.5416	19.4014	0.635095	-0.772422	0.00440328	0.00624629	-0.000564729	-0.99998	0.772409	0.63511	0.00446611
0.088	5.00674	16.5971	12.169	0.598669	-0.00400096	-0.800986	0.000437422	0.999989	-0.00466806	0.800996	0.00244425	0.598665	6.79474	18.5984	14.5769	0.573166	-0.0222482	-0.819137	0.0372595	0.999305	-0.00107049	0.818591	-0.0299071	0.573597	8.51424	18.7102	17.0326	0.618065	-0.78583	0.0215959	0.0372166	0.00180873	-0.999306	0.785245	0.61844	0.0303638	10.3684	18.8218	19.3884	0.668907	-0.736198	-0.102841	-0.147516	0.00413007	-0.989051	0.728562	0.676754	-0.105838	6.81075	14.5984	14.5671	0.564634	-0.00120628	-0.825341	-0.0102434	0.999912	-0.00846914	0.825278	0.0132362	0.564571	8.50465	14.5677	17.0429	0.617793	-0.786341	0.000549044	-0.00971549	-0.0083312	-0.999918	0.786281	0.617737	-0.0127866	10.358	14.5386	19.4018	0.638105	-0.76993	0.0054513	0.00675973	-0.00147773	-0.999976	0.76992	0.638126	0.00426157
0.092	5.00751	16.5968	12.1662	0.598015	-0.00446306	-0.801473	0.000639426	0.999987	-0.0050914	0.801485	0.00253225	0.59801	6.79263	18.5987	14.5757	0.571716	-0.024604	-0.820082	0.0407157	0.99917	-0.00159228	0.81944	-0.0324799	0.572243	8.50778	18.7208	17.034	0.619283	-0.784803	0.023951	0.0406914	0.00161614	-0.99917	0.784113	0.619744	0.0329356	10.3656	18.8429	19.3864	0.673958	-0.730063	-0.113085	-0.161423	0.00384777	-0.986878	0.720918	0.683369	-0.115256	6.81048	14.5987	14.5656	0.562957	-0.00185701	-0.826484	-0.0107341	0.999897	-0.00955815	0.826417	0.0142524	0.562879	8.49935	14.5665	17.0448	0.618021	-0.786161	0.00119886	-0.0101115	-0.00947368	-0.999904	0.786097	0.61795	-0.0138042	10.3534	14.5362	19.4031	0.641804	-0.766842	0.00633913	0.0071767	-0.0022598	-0.999972	0.766835	0.641832	0.00405305
0.096	5.00838	16.5965	12.1633	0.597355	-0.00497679	-0.801961	0.000935018	0.999984	-0.00550921	0.801976	0.00254111	0.597351	6.79049	18.5992	14.5743	0.569642	-0.0271581	-0.821444	0.0442178	0.999019	-0.00236552	0.820702	-0.0349749	0.570284	8.49942	18.7319	17.0364	0.621597	-0.782889	0.026504	0.0442267	0.00129418	-0.999021	0.782088	0.62216	0.0354291	10.3642	18.8646	19.3827	0.678087	-0.724555	-0.123361	-0.175692	0.00318511	-0.98444	0.713674	0.68921	-0.125138	6.8104	14.5993	14.5642	0.560892	-0.00244362	-0.827886	-0.0113755	0.999878	-0.0106582	0.827811	0.0153957	0.560796	8.49307	14.5652	17.0476	0.618953	-0.785426	0.00178435	-0.0106372	-0.0106542	-0.999887	0.785356	0.618863	-0.0149491	10.3499	14.5333	19.4037	0.645259	-0.763928	0.00741841	0.00797601	-0.00297352	-0.999964	0.763922	0.645295	0.00417441
0.1	5.00931	16.5961	12.1603	0.596668	-0.00554324	-0.802469	0.00126874	0.999981	-0.00596425	0.802488	0.00254055	0.596663	6.78822	18.5999	14.5729	0.567603	-0.0295552	-0.822772	0.0478013	0.998853	-0.00290374	0.821913	-0.0376814	0.568365	8.49103	18.7433	17.0386	0.623764	-0.781078	0.0289	0.0478317	0.00124036	-0.998855	0.780147	0.624432	0.0381339	10.3623	18.8868	19.3791	0.68242	-0.718541	-0.134168	-0.190278	0.00259896	-0.981727	0.70576	0.695479	-0.134949	6.8104	14.6	14.5627	0.558741	-0.00290427	-0.829337	-0.0120266	0.99986	-0.011604	0.829255	0.0164577	0.558628	8.48662	14.5639	17.0505	0.619756	-0.784791	0.00224385	-0.0111764	-0.0116849	-0.999869	0.784715	0.61965	-0.0160129	10.3459	14.5304	19.4046	0.649087	-0.760667	0.00849628	0.00892781	-0.00355078	-0.999954	0.760662	0.649133	0.00448632
0.104	5.01029	16.5958	12.1573	0.595991	-0.00617083	-0.802968	0.00159441	0.999978	-0.00650143	0.80299	0.00259453	0.595987	6.78592	18.6005	14.5714	0.566099	-0.0315249	-0.823734	0.0515066	0.998669	-0.00282264	0.822726	-0.0408299	0.566969	8.48421	18.755	17.0396	0.624777	-0.780192	0.0308689	0.0515171	0.00174161	-0.998671	0.779102	0.625537	0.0412813	10.3585	18.9096	19.3769	0.687765	-0.711117	-0.145915	-0.205188	0.00237539	-0.97872	0.696331	0.703069	-0.144279	6.8106	14.6006	14.5611	0.556623	-0.00311156	-0.83076	-0.012594	0.999846	-0.012183	0.83067	0.0172439	0.556498	8.48047	14.5628	17.0531	0.620074	-0.784539	0.00245	-0.011662	-0.0123396	-0.999856	0.784457	0.619956	-0.0168007	10.3407	14.5278	19.4064	0.653555	-0.75682	0.00945904	0.00985196	-0.00399	-0.999944	0.756815	0.653611	0.00484848
0.108	5.01139	16.5954	12.1541	0.595585	-0.00692724	-0.803263	0.00206817	0.999973	-0.00709019	0.80329	0.00256152	0.595583	6.78429	18.6016	14.5691	0.563658	-0.0333196	-0.825336	0.0551951	0.998472	-0.00261413	0.824162	-0.0440811	0.564636	8.47526	18.7672	17.0416	0.626726	-0.778555	0.0326624	0.0551676	0.00252058	-0.998474	0.777285	0.627571	0.0445307	10.3554	18.9327	19.3734	0.692634	-0.703772	-0.157996	-0.220261	0.00221055	-0.975439	0.686835	0.710423	-0.153482	6.81199	14.6017	14.5589	0.553535	-0.0032529	-0.83282	-0.0133853	0.999828	-0.0128018	0.832718	0.0182338	0.553397	8.4726	14.5615	17.057	0.621155	-0.783683	0.0025897	-0.0123359	-0.0130815	-0.999838	0.783591	0.621023	-0.0177931	10.3361	14.5245	19.4078	0.657985	-0.752955	0.0106484	0.0112114	-0.0043438	-0.999928	0.752947	0.658057	0.00558351
0.112	5.01251	16.5951	12.1509	0.594994	-0.00771845	-0.803693	0.00255576	0.999967	-0.00771132	0.803726	0.00253414	0.594994	6.78206	18.6027	14.5671	0.561803	-0.0351524	-0.826524	0.0589878	0.998256	-0.00236118	0.825165	-0.0474283	0.562897	8.46747	18.7796	17.0426	0.62814	-0.777335	0.0344942	0.0589157	0.0033103	-0.998257	0.775866	0.629078	0.0478765	10.3519	18.9564	19.3702	0.697491	-0.696052	-0.170347	-0.235696	0.00165514	-0.971825	0.676723	0.717989	-0.162902	6.81293	14.6028	14.557	0.551183	-0.00324934	-0.834378	-0.0140948	0.999813	-0.0132045	0.834265	0.0190385	0.551034	8.46648	14.5605	17.0598	0.621203	-0.783646	0.0025849	-0.0129702	-0.0135796	-0.999824	0.783543	0.62106	-0.0185997	10.3301	14.5216	19.4104	0.663175	-0.748373	0.0116976	0.0125242	-0.00453089	-0.999911	0.74836	0.663263	0.00636802
0.116	5.0137	16.5947	12.1476	0.59427	-0.0084731	-0.804221	0.00304842	0.999961	-0.00828277	0.80426	0.0024706	0.594273	6.77956	18.6037	14.5653	0.559901	-0.0368584	-0.827739	0.0629317	0.998016	-0.00187227	0.826166	-0.0510427	0.56111	8.45926	18.7925	17.0438	0.629547	-0.776119	0.0361992	0.0627882	0.0043816	-0.998017	0.774422	0.630571	0.0514895	10.3479	18.9809	19.367	0.702474	-0.687607	-0.183651	-0.25171	0.00133507	-0.967802	0.665712	0.726082	-0.17214	6.81345	14.6039	14.5554	0.549404	-0.00312606	-0.835551	-0.0147465	0.999801	-0.0134369	0.835427	0.0197037	0.549248	8.46166	14.5597	17.0617	0.620829	-0.783942	0.00246069	-0.0135764	-0.0138899	-0.999811	0.783828	0.620679	-0.0192663	10.3241	14.5189	19.4132	0.66857	-0.743542	0.012644	0.0137853	-0.00460808	-0.999894	0.743522	0.668673	0.00716909
0.12	5.01496	16.5943	12.1442	0.593446	-0.00930776	-0.80482	0.00363943	0.999954	-0.0088809	0.804866	0.00234125	0.593453	6.77668	18.6051	14.5634	0.558306	-0.0383999	-0.828746	0.0669874	0.997753	-0.0011031	0.826927	-0.0548997	0.559624	8.4516	18.8061	17.0442	0.630296	-0.775437	0.0377399	0.0667458	0.00569286	-0.997754	0.77348	0.6314	0.0553453	10.3425	19.0063	19.3647	0.708002	-0.677811	-0.198253	-0.268406	0.0013965	-0.963305	0.653216	0.735235	-0.18094	6.81391	14.6053	14.5541	0.547402	-0.00308196	-0.836864	-0.0155207	0.999784	-0.0138342	0.836726	0.0205616	0.547236	8.45612	14.5587	17.0643	0.621157	-0.783683	0.00241555	-0.0142722	-0.014394	-0.999795	0.783557	0.620994	-0.0201258	10.3196	14.5159	19.4149	0.673536	-0.739028	0.0136802	0.0152161	-0.00464111	-0.999873	0.738998	0.673659	0.00811918
0.124	5.01629	16.5938	12.1407	0.592571	-0.0100951	-0.805455	0.00416799	0.999947	-0.00946634	0.805508	0.00225234	0.592581	6.77381	18.6062	14.5617	0.556589	-0.040373	-0.829807	0.0712525	0.997458	-0.00073759	0.827727	-0.0587153	0.558051	8.44358	18.82	17.0449	0.631205	-0.774599	0.0397122	0.0709397	0.00666954	-0.997458	0.772365	0.632418	0.0591596	10.3372	19.0328	19.362	0.713133	-0.667738	-0.213464	-0.285892	0.00101224	-0.958261	0.640084	0.744395	-0.190179	6.81419	14.6065	14.5527	0.545666	-0.00290415	-0.837998	-0.016084	0.999773	-0.013938	0.837848	0.0210839	0.545496	8.45119	14.5582	17.0663	0.621063	-0.783757	0.00223683	-0.0147953	-0.0145775	-0.999784	0.783621	0.620896	-0.0206495	10.3144	14.5138	19.4171	0.678755	-0.734223	0.0144223	0.0162448	-0.00462262	-0.999857	0.734185	0.678892	0.0087897
0.128	5.01774	16.5934	12.1372	0.5919	-0.0109835	-0.805937	0.00476244	0.999937	-0.0101297	0.805997	0.00215754	0.591915	6.77148	18.6076	14.5595	0.55432	-0.0429826	-0.831193	0.075602	0.997137	-0.00114515	0.828863	-0.0622051	0.555983	8.43444	18.8344	17.0461	0.632682	-0.773254	0.0423207	0.0752764	0.00701774	-0.997138	0.770744	0.634057	0.0626478	10.3325	19.0602	19.3583	0.717523	-0.657836	-0.228936	-0.304	-3.93749e-05	-0.952672	0.626693	0.753161	-0.200011	6.81541	14.6078	14.5508	0.54293	-0.00272139	-0.839773	-0.0166972	0.999762	-0.0140349	0.839612	0.0216418	0.542755	8.4442	14.5577	17.0697	0.62192	-0.783078	0.00205265	-0.0153325	-0.0147978	-0.999773	0.78293	0.621748	-0.0212096	10.31	14.5117	19.4185	0.683601	-0.729698	0.0151729	0.0171816	-0.00469391	-0.999841	0.729653	0.683754	0.00932864
0.132	5.01931	16.5929	12.1336	0.591368	-0.0120178	-0.806312	0.00546029	0.999926	-0.0108988	0.806383	0.00204253	0.59139	6.76938	18.6092	14.5568	0.552103	-0.0457346	-0.83252	0.0800218	0.996792	-0.00169069	0.829927	-0.0656864	0.553992	8.42569	18.8492	17.0466	0.633682	-0.77228	0.0450716	0.0797003	0.00722221	-0.996793	0.769477	0.635242	0.0661275	10.3267	19.0883	19.355	0.722053	-0.646817	-0.245494	-0.322697	-0.000995233	-0.946502	0.611969	0.762645	-0.209444	6.81745	14.6095	14.5486	0.539389	-0.00268934	-0.842052	-0.017406	0.999746	-0.0143427	0.841877	0.022393	0.539205	8.43562	14.5573	17.0743	0.623319	-0.781965	0.00201879	-0.0159168	-0.0152687	-0.999757	0.781806	0.623135	-0.0219637	10.3056	14.5095	19.4197	0.688342	-0.72521	0.0159933	0.0180746	-0.00489372	-0.999825	0.725161	0.688511	0.00973933
0.136	5.02094	16.5925	12.1299	0.590753	-0.0130176	-0.806747	0.00612513	0.999913	-0.0116493	0.806829	0.00194045	0.590782	6.76717	18.6107	14.5543	0.550065	-0.0485296	-0.833711	0.0845964	0.996413	-0.00218547	0.830826	-0.0693267	0.552197	8.41736	18.8645	17.0468	0.63426	-0.771636	0.0478657	0.0842779	0.0074647	-0.996414	0.768512	0.63602	0.0697664	10.3201	19.1173	19.3523	0.726651	-0.63458	-0.263222	-0.341952	-0.00177534	-0.939716	0.595858	0.772855	-0.218286	6.81924	14.611	14.5465	0.536554	-0.00266884	-0.843862	-0.0179356	0.999733	-0.0145658	0.843676	0.0229505	0.536363	8.4289	14.5572	17.0776	0.623575	-0.781761	0.00199685	-0.0163631	-0.0156057	-0.999744	0.781592	0.623383	-0.0225234	10.2996	14.5081	19.4223	0.693678	-0.720094	0.0165899	0.0185008	-0.00521216	-0.999815	0.720048	0.693857	0.00970679
0.14	5.02264	16.592	12.1262	0.590018	-0.0140929	-0.807267	0.00692609	0.999899	-0.0123937	0.80736	0.00172129	0.590056	6.76451	18.6126	14.5518	0.548088	-0.0518387	-0.834813	0.0891196	0.996015	-0.00333828	0.83166	-0.0725685	0.550523	8.40878	18.8799	17.0467	0.635023	-0.770797	0.0511739	0.0888734	0.00709199	-0.996018	0.767364	0.637042	0.0730069	10.3138	19.1465	19.3488	0.730573	-0.622389	-0.280883	-0.361368	-0.00338327	-0.932417	0.579376	0.782701	-0.227383	6.82088	14.613	14.5449	0.533922	-0.00298078	-0.845529	-0.0186191	0.99971	-0.0152816	0.845329	0.0239022	0.533711	8.42265	14.5571	17.0809	0.62397	-0.781445	0.00230746	-0.0169068	-0.0164518	-0.999722	0.781266	0.623757	-0.0234772	10.2946	14.5064	19.4247	0.698709	-0.715196	0.0173322	0.0189215	-0.00574418	-0.999804	0.715156	0.6989	0.00951907
0.144	5.02441	16.5915	12.1225	0.589118	-0.0151178	-0.807906	0.00777537	0.999885	-0.0130405	0.80801	0.00140063	0.589167	6.76153	18.6146	14.5493	0.545689	-0.0556434	-0.836138	0.0936369	0.995593	-0.0051446	0.83274	-0.075486	0.548494	8.3986	18.8955	17.0475	0.636692	-0.769156	0.0549775	0.0935288	0.00625824	-0.995597	0.765425	0.639031	0.0759228	10.3087	19.1761	19.3438	0.733484	-0.610709	-0.298388	-0.380902	-0.00572589	-0.924598	0.562951	0.791835	-0.23682	6.822	14.615	14.5437	0.532015	-0.00359824	-0.846727	-0.0192739	0.99968	-0.0163584	0.846516	0.0250227	0.531776	8.41805	14.5572	17.0832	0.623864	-0.781527	0.00292396	-0.0174015	-0.0176312	-0.999693	0.781339	0.623622	-0.0245992	10.2896	14.505	19.4273	0.703665	-0.710304	0.0180058	0.0190601	-0.00646236	-0.999797	0.710276	0.703866	0.00899112
0.148	5.02622	16.591	12.1186	0.588017	-0.0161368	-0.808688	0.00859923	0.999869	-0.013699	0.808803	0.00110113	0.588078	6.758	18.6165	14.5473	0.544042	-0.0592074	-0.836966	0.0982473	0.995141	-0.00653426	0.833286	-0.0786748	0.547216	8.39012	18.9113	17.0471	0.637342	-0.768354	0.0585409	0.098251	0.00567814	-0.995145	0.764292	0.64	0.0791105	10.3022	19.206	19.34	0.736596	-0.597548	-0.316802	-0.400639	-0.00812463	-0.9162	0.5449	0.801792	-0.245385	6.82254	14.617	14.5429	0.530667	-0.00430206	-0.84757	-0.0197663	0.999652	-0.0174498	0.84735	0.0260133	0.530397	8.41454	14.5577	17.0849	0.623477	-0.781833	0.00362712	-0.0177474	-0.0187905	-0.999666	0.78164	0.623204	-0.0255909	10.285	14.5045	19.4298	0.708425	-0.705545	0.0184623	0.0186809	-0.00740493	-0.999798	0.705539	0.708627	0.00793439
0.152	5.02818	16.5905	12.1148	0.58719	-0.0172903	-0.809265	0.00956468	0.99985	-0.0144223	0.809393	0.000728267	0.587267	6.75517	18.6189	14.5444	0.541632	-0.0626967	-0.838274	0.102806	0.99467	-0.00796812	0.834305	-0.0818638	0.545191	8.38007	18.9273	17.0473	0.638579	-0.767052	0.0620292	0.102922	0.00524762	-0.994676	0.762643	0.641563	0.0822979	10.2958	19.2361	19.3352	0.739102	-0.583999	-0.335668	-0.420454	-0.0106558	-0.907251	0.526257	0.811685	-0.25342	6.82433	14.6195	14.5415	0.527861	-0.00533229	-0.849314	-0.0204467	0.999611	-0.0189838	0.849085	0.0273865	0.527547	8.40792	14.5581	17.0887	0.624807	-0.780766	0.00465595	-0.0181469	-0.0204831	-0.999625	0.780569	0.624488	-0.0269664	10.2823	14.5037	19.4304	0.712148	-0.701769	0.0190838	0.0182447	-0.00867374	-0.999796	0.701792	0.712351	0.00662661
0.156	5.03025	16.5899	12.1108	0.586482	-0.0185251	-0.80975	0.0105566	0.999828	-0.0152277	0.809893	0.000382588	0.586577	6.75264	18.6213	14.5413	0.538997	-0.0668196	-0.839653	0.107369	0.994167	-0.0101923	0.835436	-0.0846593	0.543028	8.36964	18.9434	17.0476	0.640179	-0.765372	0.0661509	0.1077	0.00415702	-0.994175	0.760639	0.643575	0.0850917	10.2902	19.2665	19.3295	0.740615	-0.571106	-0.354015	-0.440443	-0.0147318	-0.89766	0.507444	0.820744	-0.26245	6.82674	14.622	14.5397	0.524506	-0.00639768	-0.851383	-0.0210453	0.999569	-0.0204765	0.851147	0.0286577	0.524145	8.40026	14.5588	17.0932	0.62632	-0.779545	0.0057197	-0.0184343	-0.0221451	-0.999585	0.779348	0.625954	-0.0282403	10.2792	14.5035	19.4312	0.715737	-0.698095	0.0195966	0.0173863	-0.0102401	-0.999796	0.698153	0.715932	0.00480807
0.16	5.0324	16.5894	12.1068	0.585796	-0.0198503	-0.810215	0.0116008	0.999803	-0.0161077	0.810375	3.67333e-05	0.585911	6.75009	18.6238	14.538	0.536453	-0.0715117	-0.840895	0.111931	0.99363	-0.0130937	0.836474	-0.087098	0.54104	8.35945	18.9596	17.0475	0.641799	-0.763594	0.0708421	0.112579	0.00243762	-0.99364	0.758565	0.645692	0.0875288	10.2848	19.2973	19.3231	0.74128	-0.558659	-0.372028	-0.460662	-0.0203405	-0.887343	0.488154	0.829148	-0.272431	6.82949	14.6246	14.5379	0.52089	-0.0074416	-0.853591	-0.0216376	0.999526	-0.0219178	0.85335	0.0298864	0.520482	8.39216	14.5597	17.0979	0.627915	-0.778252	0.00676186	-0.0186935	-0.023767	-0.999543	0.778057	0.627502	-0.029472	10.2759	14.5036	19.4321	0.719165	-0.694548	0.0201204	0.016262	-0.0121246	-0.999794	0.694649	0.719344	0.00257515
0.164	5.03467	16.5889	12.1028	0.585066	-0.0212485	-0.810707	0.0127802	0.999774	-0.0169807	0.810885	-0.000426191	0.585205	6.74737	18.6268	14.5346	0.533742	-0.076064	-0.84222	0.116482	0.993066	-0.0158692	0.837587	-0.0896333	0.538901	8.34859	18.9762	17.0474	0.643602	-0.761638	0.0753933	0.11745	0.000944749	-0.993078	0.756295	0.648002	0.0900624	10.2794	19.3286	19.3162	0.741313	-0.545688	-0.390743	-0.481167	-0.0262272	-0.876237	0.467904	0.837578	-0.28201	6.83236	14.6277	14.5363	0.517187	-0.00875067	-0.855828	-0.0224273	0.999466	-0.0237724	0.855579	0.0314887	0.516714	8.38392	14.5604	17.103	0.629728	-0.776774	0.00806915	-0.0190625	-0.0258366	-0.999484	0.776582	0.629249	-0.0310772	10.2731	14.5032	19.4328	0.722236	-0.691331	0.0209013	0.0152534	-0.0142915	-0.999782	0.691479	0.722397	0.000223304
0.168	5.03693	16.5883	12.0987	0.583918	-0.0225797	-0.811498	0.0139138	0.999745	-0.0178058	0.811693	-0.000893851	0.584083	6.74353	18.6296	14.532	0.53209	-0.0805882	-0.842844	0.121167	0.992462	-0.0184008	0.837973	-0.0923339	0.537843	8.3398	18.9931	17.0459	0.644415	-0.760488	0.079917	0.122439	-0.000544793	-0.992476	0.75481	0.649351	0.0927622	10.273	19.3604	19.3104	0.74094	-0.531891	-0.41	-0.502033	-0.0331835	-0.864211	0.446061	0.846163	-0.291614	6.83385	14.6306	14.5356	0.515136	-0.00990277	-0.857051	-0.0230334	0.999412	-0.0253921	0.856799	0.0328212	0.514605	8.37925	14.5615	17.106	0.629963	-0.77657	0.00922028	-0.0193662	-0.0275765	-0.999432	0.776383	0.629427	-0.0324114	10.2691	14.5034	19.4351	0.725699	-0.687675	0.0215463	0.0139505	-0.0166029	-0.999765	0.687871	0.725829	-0.00245526
0.172	5.03929	16.5878	12.0946	0.582732	-0.0238797	-0.812313	0.0151097	0.999714	-0.0185494	0.812524	-0.00146442	0.582926	6.73973	18.6325	14.5293	0.529707	-0.0858408	-0.843826	0.125797	0.991814	-0.0219268	0.8388	-0.0945362	0.536169	8.32885	19.0099	17.0457	0.64646	-0.75818	0.0851688	0.127533	-0.00267534	-0.991831	0.752214	0.65204	0.0949631	10.2682	19.3925	19.3023	0.739031	-0.519776	-0.428563	-0.523073	-0.0418408	-0.85126	0.424533	0.853277	-0.302802	6.83524	14.6337	14.5351	0.513368	-0.0110049	-0.858098	-0.0237075	0.999354	-0.0269998	0.857841	0.0342042	0.512775	8.37535	14.5626	17.1086	0.630286	-0.776294	0.0103216	-0.0197362	-0.0293118	-0.999375	0.776112	0.629689	-0.0337959	10.2662	14.5033	19.437	0.728703	-0.684468	0.0222823	0.0127067	-0.0190178	-0.999738	0.684712	0.728795	-0.00516102
0.176	5.04174	16.5872	12.0904	0.581577	-0.0252932	-0.813098	0.0164101	0.999678	-0.0193597	0.813326	-0.00208392	0.581804	6.73588	18.6358	14.5262	0.527448	-0.0909611	-0.844704	0.130381	0.991141	-0.0253175	0.839524	-0.0967801	0.534634	8.31822	19.027	17.0448	0.648334	-0.755984	0.0902884	0.132586	-0.00466938	-0.99116	0.749723	0.654574	0.0972058	10.2632	19.4247	19.294	0.736367	-0.507646	-0.447281	-0.544103	-0.0513869	-0.837444	0.40214	0.860032	-0.314051	6.83705	14.6371	14.5346	0.511127	-0.0120457	-0.859421	-0.024509	0.999291	-0.0285825	0.859156	0.0356728	0.510469	8.37043	14.5636	17.112	0.631298	-0.775457	0.0113613	-0.0201827	-0.0310717	-0.999313	0.775278	0.630635	-0.0352663	10.2643	14.503	19.4379	0.731118	-0.681859	0.0231241	0.0116253	-0.0214382	-0.999703	0.682152	0.73117	-0.00774706
0.18	5.04428	16.5867	12.0862	0.58054	-0.026737	-0.813793	0.0176618	0.999639	-0.0202435	0.81404	-0.00262094	0.580802	6.73243	18.6389	14.5231	0.52535	-0.0948216	-0.845586	0.135108	0.990459	-0.0271265	0.840091	-0.099995	0.533149	8.30848	19.0443	17.0434	0.649553	-0.754465	0.0941483	0.137554	-0.00517351	-0.990481	0.74777	0.65632	0.10042	10.2571	19.4569	19.2867	0.73335	-0.493635	-0.467464	-0.565124	-0.0603836	-0.822793	0.377932	0.86757	-0.323247	6.83937	14.6404	14.5336	0.50859	-0.0124435	-0.860919	-0.0251322	0.999255	-0.0292899	0.860642	0.0365333	0.507898	8.36514	14.565	17.1155	0.632289	-0.774643	0.011758	-0.0205607	-0.0319499	-0.999278	0.77446	0.631591	-0.0361288	10.262	14.5033	19.4389	0.733445	-0.679333	0.0237552	0.0103752	-0.023755	-0.999664	0.679669	0.733445	-0.0103747
0.184	5.04697	16.5861	12.0819	0.57976	-0.0283645	-0.814293	0.0190634	0.999593	-0.0212464	0.814564	-0.00320542	0.580065	6.72953	18.6425	14.5192	0.522975	-0.0977852	-0.84672	0.139775	0.989788	-0.0279758	0.840809	-0.10372	0.531302	8.29845	19.0618	17.0417	0.650761	-0.753047	0.0971109	0.142319	-0.00465563	-0.98981	0.745825	0.65795	0.104143	10.2507	19.4888	19.2791	0.729593	-0.478764	-0.488344	-0.585917	-0.0693272	-0.8074	0.352698	0.875202	-0.331096	6.84298	14.6441	14.532	0.504698	-0.0125562	-0.863205	-0.0259838	0.99922	-0.0297269	0.862905	0.0374325	0.503978	8.35708	14.5662	17.1208	0.634581	-0.772766	0.0118688	-0.0210934	-0.0326687	-0.999244	0.772569	0.63385	-0.0370311	10.2608	14.5029	19.4385	0.735098	-0.677515	0.0245703	0.00950873	-0.0259347	-0.999618	0.677894	0.735052	-0.0126222
0.188	5.04975	16.5856	12.0776	0.578942	-0.0300746	-0.814814	0.0205554	0.99954	-0.0222878	0.815109	-0.00384547	0.579294	6.72643	18.6463	14.5153	0.52065	-0.10056	-0.847827	0.144373	0.989108	-0.0286578	0.841475	-0.107483	0.529497	8.28838	19.0794	17.0397	0.652125	-0.751503	0.0998849	0.146987	-0.00391979	-0.989131	0.743726	0.659718	0.107905	10.2448	19.5204	19.2709	0.72475	-0.46437	-0.509016	-0.60646	-0.0792981	-0.79115	0.327022	0.882084	-0.339093	6.84673	14.6481	14.5307	0.50082	-0.0123153	-0.865464	-0.0269014	0.999194	-0.0297853	0.865133	0.0381993	0.500085	8.34919	14.5674	17.1261	0.636641	-0.771073	0.0116261	-0.0217544	-0.0330277	-0.999218	0.770853	0.63589	-0.0378011	10.2591	14.5022	19.4386	0.736809	-0.675623	0.0254156	0.00896476	-0.0278253	-0.999573	0.676042	0.736722	-0.0144451
0.192	5.05258	16.585	12.0733	0.57788	-0.0317192	-0.815505	0.0220236	0.999487	-0.0232689	0.815825	-0.00451378	0.578281	6.72278	18.65	14.5117	0.518635	-0.102547	-0.848824	0.149041	0.988425	-0.0283475	0.841905	-0.111808	0.527915	8.27869	19.0972	17.0374	0.653329	-0.750189	0.101871	0.151551	-0.00224105	-0.988447	0.74175	0.66122	0.112228	10.2387	19.5518	19.2627	0.71901	-0.449067	-0.530437	-0.626798	-0.0892714	-0.774051	0.300248	0.889027	-0.345662	6.84966	14.6521	14.5298	0.498111	-0.0115214	-0.867037	-0.027696	0.99919	-0.0291888	0.866671	0.0385527	0.497389	8.34399	14.569	17.1298	0.637482	-0.770389	0.010831	-0.0224989	-0.0326654	-0.999213	0.770136	0.636737	-0.0381566	10.2564	14.5015	19.4402	0.738937	-0.673268	0.0261282	0.0086481	-0.0292983	-0.999533	0.673719	0.738818	-0.0158271
0.196	5.05548	16.5845	12.0689	0.576659	-0.0334274	-0.816301	0.0236214	0.999427	-0.0242396	0.816644	-0.00530422	0.577118	6.7186	18.6542	14.5082	0.517125	-0.103249	-0.84966	0.153709	0.987761	-0.0264795	0.841995	-0.116907	0.526666	8.26997	19.1153	17.0342	0.653853	-0.749637	0.102572	0.155839	0.000769834	-0.987782	0.740399	0.661849	0.117326	10.2315	19.5828	19.2554	0.712643	-0.431185	-0.553372	-0.646811	-0.0984421	-0.75627	0.271617	0.896877	-0.349049	6.85231	14.6565	14.5294	0.495705	-0.0107757	-0.868424	-0.0287362	0.999172	-0.028801	0.868015	0.039232	0.494985	8.33942	14.5703	17.1335	0.638399	-0.76964	0.0100842	-0.023461	-0.0325522	-0.999195	0.769348	0.637648	-0.0388378	10.2546	14.4999	19.4415	0.740834	-0.671145	0.0270267	0.00903846	-0.0302725	-0.999501	0.671628	0.740708	-0.0163607
