time	torso_X	torso_Y	torso_Z	torso_R00	torso_R01	torso_R02	torso_R10	torso_R11	torso_R12	torso_r20	torso_R21	torso_R22	left_arm_X	left_arm_Y	left_arm_Z	left_arm_R00	left_arm_R01	left_arm_R02	left_arm_R10	left_arm_R11	left_arm_R12	left_arm_r20	left_arm_R21	left_arm_R22	left_forearm_X	left_forearm_Y	left_forearm_Z	left_forearm_R00	left_forearm_R01	left_forearm_R02	left_forearm_R10	left_forearm_R11	left_forearm_R12	left_forearm_r20	left_forearm_R21	left_forearm_R22	left_hand_X	left_hand_Y	left_hand_Z	left_hand_R00	left_hand_R01	left_hand_R02	left_hand_R10	left_hand_R11	left_hand_R12	left_hand_r20	left_hand_R21	left_hand_R22	right_arm_X	right_arm_Y	right_arm_Z	right_arm_R00	right_arm_R01	right_arm_R02	right_arm_R10	right_arm_R11	right_arm_R12	right_arm_r20	right_arm_R21	right_arm_R22	right_forearm_X	right_forearm_Y	right_forearm_Z	right_forearm_R00	right_forearm_R01	right_forearm_R02	right_forearm_R10	right_forearm_R11	right_forearm_R12	right_forearm_r20	right_forearm_R21	right_forearm_R22	right_hand_X	right_hand_Y	right_hand_Z	right_hand_R00	right_hand_R01	right_hand_R02	right_hand_R10	right_hand_R11	right_hand_R12	right_hand_r20	right_hand_R21	right_hand_R22
0.004	5	16.6	12.2	0.6	0	-0.8	0	1	0	0.8	0	0.6	6.8	18.6	14.6	0.6	0	-0.8	0	1	0	0.8	0	0.6	8.6	18.6	17	0.6	-0.8	-0.000637061	0	0.000796327	-1	0.8	0.6	0.000477796	10.4	18.6	19.4	0.6	-0.8	-0.000637061	0	0.000796327	-1	0.8	0.6	0.000477796	6.8	14.6	14.6	0.6	0	-0.8	0	1	0	0.8	0	0.6	8.6	14.6	17	0.6	-0.8	-0.000637061	0	0.000796327	-1	0.8	0.6	0.000477796	10.4	14.6	19.4	0.6	-0.8	-0.000637061	0	0.000796327	-1	0.8	0.6	0.000477796
0.008	5	16.6	12.2	0.6	0	-0.8	0	1	0	0.8	0	0.6	6.8	18.6	14.6	0.6	0	-0.8	0	1	0	0.8	0	0.6	8.6	18.6	17	0.6	-0.8	-0.000637061	0	0.000796327	-1	0.8	0.6	0.000477796	10.4	18.6	19.4	0.6	-0.8	-0.000637061	0	0.000796327	-1	0.8	0.6	0.000477796	6.8	14.6	14.6	0.6	0	-0.8	0	1	0	0.8	0	0.6	8.6	14.6	17	0.6	-0.8	-0.000637061	0	0.000796327	-1	0.8	0.6	0.000477796	10.4	14.6	19.4	0.6	-0.8	-0.000637061	0	0.000796327	-1	0.8	0.6	0.000477796
0.012	5.00004	16.6	12.1998	0.600326	-9.82091e-05	-0.799755	6.04224e-05	1	-7.74437e-05	0.799755	-1.83162e-06	0.600326	6.80082	18.6002	14.5991	0.599709	-0.000198223	-0.800218	0.000330209	1	-2.42561e-07	0.800218	-0.000264094	0.599709	8.59995	18.6012	16.9997	0.599311	-0.800516	-0.000439012	0.000330604	0.00079592	-1	0.800516	0.599311	0.000741658	10.3979	18.6022	19.4013	0.601659	-0.798752	-0.00161201	-0.00162133	0.000796888	-0.999998	0.798751	0.601661	-0.000815584	6.80122	14.6002	14.5991	0.599044	0.000632365	-0.800716	-0.00105335	0.999999	1.69963e-06	0.800715	0.000842417	0.599044	8.59835	14.597	17.0012	0.600452	-0.79966	-0.00127	-0.00105475	0.000796171	-0.999999	0.79966	0.600453	-0.000365382	10.3997	14.5939	19.4002	0.600362	-0.799729	0.000132735	0.00125832	0.000778653	-0.999999	0.799728	0.600361	0.00147379
0.016	5.00009	16.6001	12.1995	0.60073	-0.000253086	-0.799452	0.000123069	1	-0.000224097	0.799452	3.62338e-05	0.60073	6.80177	18.6004	14.5979	0.599835	-0.000604175	-0.800124	0.00100603	0.999999	-9.01651e-07	0.800123	-0.000804409	0.599835	8.60128	18.6034	16.9983	0.597264	-0.802045	-3.29851e-05	0.00100858	0.000792192	-0.999999	0.802044	0.597264	0.00128207	10.3931	18.6065	19.4044	0.605284	-0.796002	-0.00350112	-0.0047456	0.000789757	-0.999988	0.795996	0.605293	-0.00329948	6.80278	14.6004	14.5977	0.597729	0.00153818	-0.801697	-0.00256393	0.999997	7.04228e-06	0.801694	0.00205128	0.597731	8.59597	14.5927	17.0028	0.601291	-0.799027	-0.0021766	-0.00256748	0.000791947	-0.999996	0.799026	0.601294	-0.00157529	10.3998	14.585	19.3999	0.600282	-0.799788	0.000918374	0.00294447	0.00106171	-0.999995	0.799783	0.600282	0.00299227
0.02	5.00014	16.6001	12.199	0.60118	-0.000487949	-0.799114	0.000186054	1	-0.000470642	0.799114	0.000134262	0.60118	6.80271	18.6006	14.5966	0.600586	-0.00120573	-0.799559	0.00200135	0.999998	-4.68491e-06	0.799558	-0.00159738	0.600587	8.60447	18.6066	16.9952	0.593708	-0.804681	0.000569018	0.00200806	0.00077445	-0.999998	0.804678	0.593707	0.00207565	10.3856	18.6127	19.4093	0.610698	-0.791839	-0.00624006	-0.00923711	0.00075609	-0.999957	0.79181	0.61073	-0.00685256	6.80466	14.6006	14.596	0.596095	0.00261051	-0.80291	-0.00436981	0.99999	7.05252e-06	0.802902	0.00350436	0.596101	8.59294	14.5875	17.0047	0.602175	-0.798357	-0.00324989	-0.00437578	0.000770162	-0.99999	0.798352	0.602184	-0.00302967	10.3995	14.5744	19.3998	0.600458	-0.799654	0.00190275	0.00543533	0.00170195	-0.999984	0.799638	0.600459	0.00536833
0.024	5.00025	16.6001	12.1983	0.601875	-0.000724099	-0.79859	0.000223919	1	-0.00073796	0.79859	0.00026534	0.601875	6.80442	18.6007	14.5946	0.600732	-0.00201696	-0.799448	0.00331311	0.999995	-3.33395e-05	0.799443	-0.00262863	0.600736	8.60662	18.6107	16.9929	0.590341	-0.807152	0.00138034	0.0033227	0.000720064	-0.999994	0.807147	0.590343	0.00310701	10.3776	18.6206	19.4144	0.616687	-0.787148	-0.00977699	-0.01499	0.000675547	-0.999887	0.787066	0.616764	-0.0113827	6.80732	14.6007	14.5935	0.59382	0.00364042	-0.80459	-0.00616983	0.999981	-2.90982e-05	0.804574	0.00498146	0.593831	8.58878	14.5822	17.0073	0.603303	-0.7975	-0.00428114	-0.00617848	0.000694119	-0.999981	0.797488	0.603318	-0.00450857	10.3987	14.5637	19.3997	0.600971	-0.799267	0.00253267	0.00796743	0.0028221	-0.999964	0.799231	0.60097	0.0080641
0.028	5.00037	16.6	12.1975	0.602546	-0.000973294	-0.798084	0.000245132	0.999999	-0.00103447	0.798084	0.000427678	0.602546	6.80606	18.6008	14.5926	0.601142	-0.00303392	-0.799136	0.00491294	0.999988	-0.00010074	0.799127	-0.00386555	0.60115	8.60948	18.6155	16.99	0.586217	-0.81015	0.00239754	0.004925	0.000604336	-0.999988	0.810139	0.586222	0.00434426	10.3681	18.6303	19.4204	0.623833	-0.781431	-0.0140655	-0.0218923	0.000518195	-0.99976	0.781251	0.623991	-0.0167841	6.80995	14.6008	14.5909	0.591528	0.00458395	-0.806272	-0.00791397	0.999969	-0.000120961	0.806246	0.00645236	0.591546	8.58453	14.577	17.0096	0.604544	-0.796555	-0.005226	-0.00792389	0.000546729	-0.999968	0.796533	0.604566	-0.0059813	10.3982	14.5533	19.3992	0.601132	-0.799145	0.0028871	0.0105952	0.00435744	-0.999934	0.79908	0.601123	0.0110865
0.032	5.00051	16.6	12.1965	0.603223	-0.00129439	-0.797572	0.000267554	0.999999	-0.00142055	0.797573	0.000643516	0.603223	6.80759	18.6008	14.5905	0.602097	-0.0042568	-0.798411	0.00676868	0.999977	-0.00022708	0.798394	-0.00526747	0.602112	8.61388	18.6211	16.9857	0.58096	-0.813924	0.00362101	0.00678128	0.000391591	-0.999977	0.813904	0.580971	0.00574694	10.3568	18.6414	19.4274	0.632041	-0.774701	-0.019047	-0.0298432	0.000227618	-0.999555	0.77436	0.632328	-0.0229757	6.81276	14.6008	14.588	0.589026	0.00544527	-0.808096	-0.00965541	0.999953	-0.00029981	0.808057	0.0079791	0.589051	8.57984	14.5718	17.0121	0.605676	-0.795688	-0.00608877	-0.00966364	0.000295912	-0.999953	0.795653	0.605707	-0.00751002	10.3969	14.5428	19.3991	0.601838	-0.798611	0.00336994	0.0137485	0.0061417	-0.999887	0.7985	0.601816	0.014676
0.036	5.00071	16.5999	12.1954	0.604102	-0.00157368	-0.796905	0.000283256	0.999998	-0.00176001	0.796907	0.000837498	0.604101	6.80987	18.6008	14.5878	0.601996	-0.00571237	-0.798479	0.00887366	0.999961	-0.000463682	0.79845	-0.0068063	0.602023	8.61586	18.6274	16.9832	0.576796	-0.816872	0.00507652	0.00887972	5.56602e-05	-0.999961	0.81684	0.576819	0.0072857	10.3462	18.654	19.4337	0.640042	-0.767943	-0.0246829	-0.0387729	-0.000197835	-0.999248	0.767361	0.640518	-0.029902	6.81617	14.6008	14.5845	0.58616	0.00607829	-0.810172	-0.0112282	0.999937	-0.000621648	0.810117	0.00946119	0.586192	8.57465	14.5671	17.0148	0.60693	-0.794727	-0.00672345	-0.011229	-0.000116006	-0.999937	0.794676	0.606968	-0.00899439	10.3954	14.5334	19.3989	0.60268	-0.797975	0.003477	0.016699	0.00825557	-0.999826	0.797808	0.602634	0.0183008
0.04	5.00093	16.5998	12.1943	0.604799	-0.00190614	-0.796376	0.000306948	0.999998	-0.0021604	0.796378	0.00106217	0.604799	6.81151	18.6008	14.5855	0.602806	-0.00736868	-0.797853	0.0111996	0.999937	-0.000773361	0.797809	-0.00846945	0.602851	8.61993	18.6344	16.9789	0.57122	-0.82077	0.00673333	0.011192	-0.000414045	-0.999937	0.820721	0.571259	0.00894952	10.3336	18.6679	19.4411	0.649192	-0.759994	-0.0309717	-0.048591	-0.000802303	-0.998818	0.759071	0.64993	-0.0374497	6.81914	14.6008	14.5813	0.583634	0.00658118	-0.81199	-0.0127376	0.999918	-0.00105106	0.811917	0.0109562	0.58367	8.57004	14.5625	17.017	0.60799	-0.793912	-0.00722778	-0.012724	-0.000640961	-0.999919	0.793843	0.608032	-0.0104914	10.394	14.5244	19.3985	0.603378	-0.797447	0.0036113	0.0199309	0.010553	-0.999746	0.797206	0.603296	0.0222613
0.044	5.00119	16.5997	12.1929	0.605576	-0.00227562	-0.795784	0.000354469	0.999997	-0.00258984	0.795788	0.00128626	0.605574	6.81337	18.6008	14.5829	0.603457	-0.00925258	-0.797342	0.0137262	0.999905	-0.00121471	0.797278	-0.0102114	0.603526	8.62374	18.642	16.9747	0.565611	-0.824627	0.00861763	0.0136917	-0.0010582	-0.999906	0.824559	0.565676	0.010692	10.3206	18.683	19.4484	0.65849	-0.751639	-0.0378237	-0.0592383	-0.00166374	-0.998242	0.750255	0.659573	-0.0456214	6.82247	14.6008	14.5777	0.580935	0.00694948	-0.81392	-0.0142085	0.999898	-0.00160393	0.813826	0.0124964	0.580974	8.56527	14.5582	17.0192	0.608827	-0.793267	-0.00759763	-0.014172	-0.00130022	-0.999899	0.793176	0.608873	-0.0120338	10.3918	14.5157	19.3987	0.604759	-0.796398	0.00402824	0.0235472	0.0128247	-0.99964	0.79606	0.604637	0.0265088
0.048	5.00151	16.5996	12.1915	0.606438	-0.0026067	-0.795126	0.000421906	0.999996	-0.00295655	0.79513	0.0014575	0.606437	6.81561	18.6009	14.5798	0.603282	-0.0113634	-0.797447	0.0164486	0.999863	-0.0018042	0.797359	-0.0120284	0.603386	8.62546	18.6502	16.9719	0.560988	-0.827754	0.0107284	0.0163739	-0.00186213	-0.999864	0.827662	0.561088	0.0125089	10.3084	18.6993	19.4549	0.66748	-0.743252	-0.0452421	-0.0706726	-0.0027497	-0.997496	0.741267	0.669006	-0.0543629	6.82604	14.6009	14.574	0.578274	0.00709018	-0.815812	-0.0155267	0.999877	-0.00231593	0.815695	0.0140061	0.578313	8.56086	14.5543	17.0211	0.60959	-0.792679	-0.00773983	-0.0154557	-0.00212291	-0.999878	0.792566	0.609636	-0.0135455	10.3896	14.5079	19.3988	0.606061	-0.795407	0.00415694	0.0269366	0.0153007	-0.99952	0.794962	0.605882	0.0306987
0.052	5.00184	16.5995	12.19	0.60706	-0.00302287	-0.79465	0.000512589	0.999994	-0.00341242	0.794656	0.00166422	0.607058	6.81698	18.601	14.5773	0.604396	-0.0136399	-0.796567	0.0193476	0.99981	-0.00244011	0.796449	-0.0139369	0.604545	8.63017	18.659	16.9666	0.554526	-0.832065	0.0130056	0.0192108	-0.00282462	-0.999811	0.831944	0.554671	0.0144183	10.2937	18.7167	19.4625	0.677505	-0.733589	-0.0532352	-0.082801	-0.00415239	-0.996557	0.730843	0.67958	-0.0635552	6.82907	14.601	14.5706	0.576137	0.00722241	-0.817321	-0.0168413	0.999854	-0.00303621	0.817179	0.015514	0.576175	8.55748	14.5505	17.0222	0.609937	-0.792411	-0.00787326	-0.0167324	-0.00294495	-0.999856	0.792273	0.609981	-0.0150552	10.3873	14.5003	19.399	0.607462	-0.794335	0.00465196	0.0308043	0.0177046	-0.999369	0.793752	0.607221	0.0352238
0.056	5.00225	16.5993	12.1884	0.607885	-0.00342814	-0.794018	0.000652527	0.999992	-0.00381787	0.794025	0.0018027	0.607882	6.81905	18.6013	14.574	0.604381	-0.0161401	-0.796532	0.0224064	0.999744	-0.00325661	0.79638	-0.0158792	0.604588	8.63219	18.6685	16.9632	0.549454	-0.83538	0.0155058	0.0221903	-0.00396152	-0.999746	0.83523	0.549658	0.0163606	10.2805	18.7351	19.4689	0.686795	-0.72423	-0.0616653	-0.0956288	-0.00593151	-0.995399	0.720533	0.689533	-0.073331	6.83276	14.6013	14.5668	0.573806	0.00728436	-0.818959	-0.0181111	0.999829	-0.00379644	0.818791	0.0170106	0.57384	8.55418	14.547	17.0232	0.61006	-0.792315	-0.00793651	-0.0179578	-0.00381181	-0.999831	0.792151	0.6101	-0.0165537	10.3844	14.4931	19.3997	0.609457	-0.792801	0.00543795	0.0348534	0.0199395	-0.999194	0.792053	0.609155	0.039784
0.06	5.00269	16.5992	12.1866	0.608609	-0.00384866	-0.793461	0.000817395	0.999991	-0.00422346	0.79347	0.00192187	0.608607	6.82082	18.6016	14.5709	0.604583	-0.0187864	-0.79632	0.0256288	0.999663	-0.00412566	0.796129	-0.0179144	0.604861	8.63457	18.6785	16.9593	0.544056	-0.838853	0.0181523	0.0253125	-0.00521523	-0.999666	0.838667	0.544333	0.0183961	10.2667	18.7544	19.4753	0.696266	-0.714301	-0.0706222	-0.109087	-0.00805737	-0.993999	0.709446	0.699792	-0.0835314	6.83621	14.6016	14.5632	0.571898	0.00728107	-0.820292	-0.0192687	0.999804	-0.00455949	0.820098	0.0184136	0.571926	8.55191	14.5438	17.0235	0.609977	-0.792379	-0.00793429	-0.0190696	-0.00466859	-0.999807	0.79219	0.610011	-0.0179581	10.3818	14.4866	19.4001	0.611164	-0.791481	0.005987	0.0387548	0.0223689	-0.998998	0.790555	0.610784	0.0443448
0.064	5.00316	16.599	12.1849	0.609234	-0.00433989	-0.792979	0.00102689	0.999989	-0.00468389	0.79299	0.00203928	0.609231	6.82219	18.602	14.5679	0.605336	-0.0215379	-0.795679	0.0289892	0.999567	-0.00500252	0.795442	-0.0200379	0.605698	8.63819	18.689	16.9542	0.537854	-0.842779	0.0209043	0.0285452	-0.00657614	-0.999571	0.842555	0.53822	0.0205203	10.2518	18.7746	19.4819	0.706009	-0.703665	-0.0800478	-0.123105	-0.0106283	-0.992337	0.697422	0.710452	-0.0941282	6.83955	14.6021	14.5597	0.570325	0.00749138	-0.821385	-0.0204712	0.999777	-0.00509573	0.821164	0.019721	0.570352	8.55052	14.5407	17.0232	0.609493	-0.792749	-0.00814546	-0.0202386	-0.00528744	-0.999781	0.792533	0.609525	-0.0192668	10.379	14.48	19.4008	0.613141	-0.789941	0.00714495	0.0432341	0.024524	-0.998764	0.788789	0.612692	0.049189
0.068	5.00372	16.5988	12.1829	0.610046	-0.00483124	-0.792351	0.00129555	0.999986	-0.00509979	0.792365	0.00208458	0.610044	6.82419	18.6026	14.5642	0.605034	-0.0244516	-0.795824	0.0324838	0.999454	-0.00601186	0.795537	-0.022214	0.605498	8.6393	18.7001	16.9508	0.533004	-0.845777	0.0238178	0.0319021	-0.00804105	-0.999459	0.845511	0.533475	0.0226962	10.2383	18.7958	19.4873	0.714942	-0.69339	-0.0898277	-0.13774	-0.0137197	-0.990373	0.685483	0.720432	-0.105316	6.84352	14.6027	14.5559	0.568595	0.00774281	-0.822581	-0.0216077	0.999751	-0.00552546	0.822334	0.0209158	0.568621	8.5493	14.5379	17.0229	0.608905	-0.793199	-0.00839785	-0.021345	-0.0058009	-0.999755	0.792956	0.608935	-0.020463	10.376	14.4738	19.4017	0.615422	-0.788153	0.00838597	0.0476578	0.026589	-0.99851	0.786756	0.614904	0.0539251
0.072	5.0043	16.5986	12.181	0.610701	-0.00537424	-0.791843	0.00159356	0.999983	-0.00555787	0.791859	0.00213235	0.6107	6.82566	18.6033	14.5608	0.605364	-0.0273816	-0.795478	0.0361095	0.999324	-0.00691875	0.795129	-0.0245359	0.605943	8.64175	18.7117	16.9462	0.527318	-0.849247	0.0267481	0.0353675	-0.00951466	-0.999329	0.848932	0.52791	0.0250185	10.2237	18.8178	19.493	0.724113	-0.682376	-0.100116	-0.152853	-0.0172312	-0.988099	0.67253	0.730798	-0.116781	6.84715	14.6034	14.5523	0.567334	0.00817276	-0.823448	-0.0226848	0.999726	-0.00570689	0.823176	0.0219174	0.567364	8.54915	14.5353	17.0218	0.608164	-0.793762	-0.00882849	-0.0224081	-0.00604926	-0.999731	0.793495	0.608198	-0.0214656	10.3736	14.4681	19.4023	0.617257	-0.786705	0.0094495	0.0521001	0.0288881	-0.998224	0.785035	0.616653	0.0588188
0.076	5.00494	16.5984	12.1789	0.611397	-0.00598894	-0.791301	0.00195774	0.99998	-0.00605567	0.791321	0.00215326	0.611397	6.82716	18.6042	14.5572	0.605611	-0.0303609	-0.795182	0.0398401	0.999176	-0.00780743	0.794763	-0.0269518	0.606321	8.64399	18.7237	16.9415	0.521702	-0.85261	0.0297277	0.0389218	-0.0110224	-0.999181	0.852239	0.522432	0.0274347	10.2091	18.8405	19.4982	0.732973	-0.671179	-0.110768	-0.168449	-0.0213195	-0.98548	0.659072	0.740989	-0.128686	6.85111	14.6043	14.5486	0.566062	0.00896408	-0.824314	-0.0238263	0.999701	-0.00549035	0.824018	0.0227482	0.566107	8.5493	14.5328	17.0206	0.607211	-0.794483	-0.0096205	-0.023557	-0.00589871	-0.999705	0.794192	0.607258	-0.0222974	10.3709	14.4621	19.4032	0.619441	-0.784963	0.011188	0.0570809	0.0308216	-0.997894	0.782965	0.618775	0.0638986
0.08	5.00566	16.5982	12.1767	0.612211	-0.00663445	-0.790667	0.00237852	0.999976	-0.00654907	0.790691	0.00212879	0.612212	6.82902	18.6052	14.5531	0.605257	-0.0334101	-0.795329	0.0436849	0.999007	-0.00872133	0.794831	-0.0294652	0.606115	8.64479	18.7363	16.9376	0.516869	-0.855437	0.0327767	0.0425888	-0.0125451	-0.999014	0.855005	0.517755	0.0299479	10.1954	18.8641	19.5026	0.741195	-0.660154	-0.121763	-0.18457	-0.0260145	-0.982475	0.645417	0.75068	-0.141126	6.85556	14.6053	14.5446	0.564623	0.00983736	-0.82529	-0.0248818	0.999677	-0.00510688	0.824974	0.0234182	0.564685	8.54943	14.5307	17.0195	0.606381	-0.795105	-0.0104946	-0.0246268	-0.00558667	-0.999681	0.794793	0.606446	-0.0229685	10.3686	14.4568	19.4039	0.621528	-0.78329	0.0126593	0.0618114	0.0329243	-0.997545	0.78095	0.620784	0.0688796
0.084	5.00642	16.5979	12.1745	0.612907	-0.00735285	-0.790121	0.00284649	0.999971	-0.00709765	0.79015	0.00210113	0.61291	6.83044	18.6064	14.5492	0.605376	-0.0363692	-0.795108	0.0476209	0.998821	-0.00942982	0.794514	-0.0321552	0.606394	8.64657	18.7493	16.9327	0.511459	-0.858564	0.035736	0.0463372	-0.0139705	-0.998828	0.858057	0.512516	0.0326381	10.1809	18.8883	19.5069	0.749385	-0.648584	-0.133274	-0.201046	-0.0311042	-0.979088	0.630875	0.760508	-0.153704	6.85985	14.6065	14.5408	0.563441	0.0110303	-0.826083	-0.0259469	0.999654	-0.00434953	0.825749	0.023885	0.563532	8.55017	14.5287	17.018	0.605542	-0.795727	-0.0116881	-0.0257276	-0.00489494	-0.999657	0.795397	0.605635	-0.0234363	10.3668	14.4515	19.4042	0.623153	-0.781973	0.0140748	0.0667716	0.0352624	-0.997145	0.779244	0.622314	0.0741875
0.088	5.00726	16.5977	12.1722	0.613682	-0.00816728	-0.789511	0.00338538	0.999965	-0.00771293	0.789546	0.00206049	0.613688	6.83198	18.6078	14.545	0.605417	-0.0393729	-0.794934	0.0516436	0.998614	-0.0101297	0.794231	-0.0349206	0.606612	8.64823	18.7627	16.9277	0.506114	-0.861596	0.0387399	0.0501587	-0.015437	-0.998622	0.861007	0.50736	0.0354036	10.1666	18.9132	19.5107	0.757111	-0.636976	-0.145067	-0.217923	-0.0369123	-0.975268	0.615867	0.769999	-0.166758	6.86464	14.6079	14.5367	0.561958	0.0124763	-0.827072	-0.027063	0.999628	-0.00330884	0.826723	0.0242425	0.562087	8.55052	14.5267	17.0169	0.604726	-0.796325	-0.0131349	-0.0268931	-0.00393428	-0.999631	0.795979	0.604856	-0.0237948	10.3647	14.4461	19.4048	0.625119	-0.780365	0.0160311	0.0720931	0.0372755	-0.996701	0.777193	0.624212	0.0795606
0.092	5.00818	16.5974	12.1698	0.614561	-0.00901306	-0.788818	0.00399035	0.999957	-0.00831671	0.788859	0.00196346	0.614571	6.83384	18.6093	14.5403	0.60478	-0.0423777	-0.795265	0.0557546	0.998386	-0.0108015	0.794439	-0.0378071	0.606166	8.64817	18.7766	16.9236	0.501728	-0.864017	0.0417444	0.054088	-0.0168282	-0.998394	0.863333	0.503181	0.0382898	10.1534	18.9389	19.5136	0.764091	-0.625637	-0.1573	-0.235266	-0.0432045	-0.97097	0.600679	0.778917	-0.180203	6.86989	14.6095	14.5324	0.560231	0.0138845	-0.82822	-0.0281046	0.999602	-0.00225309	0.82786	0.0245391	0.560398	8.55058	14.5252	17.016	0.604245	-0.796666	-0.0145441	-0.0279845	-0.00297643	-0.999604	0.796307	0.604413	-0.0240928	10.3633	14.4412	19.4049	0.626623	-0.779128	0.0173923	0.0770885	0.0397607	-0.996231	0.7755	0.625603	0.0849769
0.096	5.00915	16.5972	12.1673	0.615288	-0.00997164	-0.788239	0.00464522	0.999948	-0.00902388	0.788288	0.00189075	0.615303	6.83507	18.611	14.536	0.604974	-0.0452725	-0.794957	0.0599279	0.998139	-0.0112376	0.793987	-0.0408417	0.606561	8.65	18.7908	16.918	0.496307	-0.866999	0.0446394	0.058058	-0.0181571	-0.998148	0.866203	0.49798	0.0413247	10.1389	18.965	19.5166	0.771045	-0.613658	-0.17004	-0.25278	-0.0498743	-0.966237	0.584458	0.787996	-0.193576	6.87496	14.6112	14.5284	0.558613	0.0155027	-0.829284	-0.0292109	0.999573	-0.000990536	0.828914	0.0247774	0.558827	8.5508	14.5236	17.0152	0.603795	-0.796976	-0.0161631	-0.029155	-0.00181614	-0.999573	0.796606	0.604009	-0.0243324	10.3622	14.4361	19.405	0.627843	-0.77811	0.0189002	0.0824939	0.0423776	-0.99569	0.773956	0.626697	0.0907959
0.1	5.01022	16.5969	12.1648	0.616169	-0.0110078	-0.787537	0.0053833	0.999938	-0.00976478	0.787596	0.0017772	0.61619	6.83671	18.6129	14.5311	0.604629	-0.0482856	-0.795042	0.0641777	0.997869	-0.0117968	0.793917	-0.0438913	0.606439	8.6506	18.8055	16.9129	0.491595	-0.869519	0.0476524	0.0621012	-0.0195771	-0.997878	0.868607	0.493511	0.0443742	10.1254	18.9918	19.5187	0.777214	-0.602017	-0.183066	-0.2707	-0.0572632	-0.960959	0.568031	0.796427	-0.207472	6.88074	14.6132	14.524	0.556468	0.0170038	-0.830695	-0.0303461	0.999539	0.000131626	0.830315	0.0251351	0.556727	8.55014	14.5222	17.015	0.603556	-0.797125	-0.0176653	-0.030349	-0.000828167	-0.999539	0.796743	0.603814	-0.0246918	10.3608	14.4311	19.4052	0.629301	-0.776886	0.0206812	0.0880102	0.0448004	-0.995112	0.772162	0.628045	0.0965669
0.104	5.01136	16.5966	12.1622	0.617057	-0.0120816	-0.786826	0.00618541	0.999926	-0.0105029	0.786894	0.00161405	0.617086	6.83837	18.615	14.5261	0.603939	-0.051263	-0.795381	0.0684938	0.997576	-0.0122868	0.794082	-0.0470581	0.605986	8.65018	18.8205	16.9083	0.487468	-0.871672	0.0506296	0.0662303	-0.0209048	-0.997585	0.870625	0.489644	0.0475407	10.1126	19.0192	19.5202	0.782741	-0.590447	-0.196693	-0.288953	-0.0648751	-0.955143	0.551201	0.804465	-0.221392	6.88669	14.6153	14.5196	0.554209	0.018228	-0.832178	-0.0314377	0.999505	0.000956469	0.831784	0.0256316	0.554508	8.54932	14.521	17.015	0.603634	-0.797037	-0.0188907	-0.0314861	-0.000156541	-0.999504	0.796639	0.60393	-0.0251901	10.3602	14.4266	19.4049	0.630119	-0.776195	0.0217131	0.0932611	0.0478902	-0.994489	0.770878	0.628671	0.102565
0.108	5.01257	16.5964	12.1595	0.617786	-0.0132841	-0.786234	0.00703857	0.999911	-0.0113638	0.786315	0.00148641	0.617824	6.83935	18.6173	14.5214	0.604265	-0.0542227	-0.794936	0.0728544	0.997262	-0.0126437	0.793446	-0.0502744	0.606561	8.65215	18.8359	16.9018	0.482056	-0.8745	0.0535897	0.0703522	-0.0223326	-0.997272	0.873312	0.484511	0.0507574	10.0983	19.0469	19.5217	0.788176	-0.578234	-0.210772	-0.307197	-0.0728666	-0.948852	0.5333	0.812611	-0.235063	6.89249	14.6177	14.5155	0.551987	0.0193783	-0.833628	-0.0326321	0.999466	0.00162593	0.833214	0.0263055	0.552325	8.54845	14.5198	17.0151	0.603658	-0.796992	-0.0200421	-0.03272	0.000350951	-0.999464	0.796572	0.60399	-0.0258657	10.3594	14.4216	19.4049	0.630937	-0.775488	0.0231746	0.0990164	0.0508616	-0.993785	0.76949	0.62931	0.108876
0.112	5.01387	16.5961	12.1568	0.618735	-0.0145099	-0.785466	0.00798989	0.999894	-0.0121772	0.785559	0.00125866	0.618786	6.84106	18.6198	14.516	0.603357	-0.0573864	-0.795404	0.0772917	0.99692	-0.0132953	0.793717	-0.0534563	0.605934	8.65113	18.8517	16.8971	0.478326	-0.876346	0.056753	0.0745724	-0.0238591	-0.99693	0.87501	0.48109	0.0539388	10.0861	19.0754	19.5221	0.792487	-0.566756	-0.225283	-0.325953	-0.0813829	-0.941877	0.51548	0.819856	-0.249231	6.8991	14.6203	14.5109	0.549227	0.0200038	-0.835434	-0.0338359	0.999426	0.00168624	0.834988	0.0273415	0.549589	8.54678	14.5187	17.0159	0.603921	-0.796776	-0.0206691	-0.0339262	0.00021145	-0.999424	0.796322	0.604274	-0.0269039	10.3585	14.417	19.4049	0.631821	-0.774724	0.0245896	0.104628	0.0538096	-0.993055	0.76802	0.630005	0.115056
0.116	5.01524	16.5958	12.154	0.619506	-0.0158003	-0.784833	0.00897896	0.999875	-0.013042	0.78494	0.0010326	0.619571	6.84216	18.6225	14.5108	0.603113	-0.0604976	-0.795358	0.081772	0.996556	-0.0137944	0.793453	-0.0567185	0.605982	8.6515	18.8678	16.8912	0.473864	-0.878561	0.0598643	0.0788071	-0.0253993	-0.996566	0.877064	0.476955	0.057201	10.0731	19.1042	19.5224	0.796528	-0.554719	-0.240478	-0.344692	-0.0898718	-0.934404	0.49672	0.82717	-0.262793	6.90536	14.623	14.5067	0.546719	0.0202195	-0.837072	-0.035036	0.999385	0.00125699	0.836583	0.0286404	0.547091	8.54552	14.5179	17.0165	0.604247	-0.796523	-0.020886	-0.0350936	-0.000416851	-0.999384	0.796024	0.604608	-0.0282048	10.3583	14.4126	19.4045	0.632096	-0.774475	0.0253627	0.110143	0.0573996	-0.992257	0.767023	0.629995	0.121585
0.12	5.01669	16.5955	12.1511	0.620256	-0.0171737	-0.784211	0.0100433	0.999852	-0.0139526	0.784335	0.000778176	0.620337	6.84312	18.6253	14.5057	0.603043	-0.0637305	-0.795159	0.0862935	0.996166	-0.0143964	0.793027	-0.0599354	0.606231	8.65225	18.8842	16.8848	0.469225	-0.880821	0.0630972	0.0830418	-0.0271232	-0.996177	0.879165	0.472671	0.0604181	10.0599	19.1333	19.5223	0.800026	-0.542543	-0.256134	-0.363506	-0.0986927	-0.926349	0.477306	0.83421	-0.276174	6.91181	14.6259	14.5026	0.544143	0.02018	-0.83875	-0.0363668	0.999338	0.000450525	0.838204	0.0302575	0.544517	8.54424	14.5168	17.0172	0.604401	-0.796408	-0.0208479	-0.0363599	-0.00143376	-0.999338	0.79585	0.604758	-0.0298239	10.3574	14.4077	19.4047	0.632619	-0.773996	0.0268796	0.116141	0.0604979	-0.991389	0.765705	0.630294	0.128165
0.124	5.01824	16.5952	12.1482	0.621137	-0.0185459	-0.783482	0.0111837	0.999828	-0.0148006	0.783622	0.000430959	0.621238	6.84456	18.6284	14.4999	0.602044	-0.0671665	-0.795633	0.090891	0.995744	-0.0152837	0.793273	-0.0631144	0.605586	8.65069	18.901	16.8797	0.465876	-0.882345	0.0665329	0.0873654	-0.0289558	-0.995755	0.880526	0.469712	0.0635966	10.0483	19.1631	19.5213	0.802526	-0.530811	-0.272383	-0.382714	-0.10778	-0.917558	0.457693	0.840609	-0.289645	6.91874	14.6291	14.4982	0.54136	0.0194942	-0.840565	-0.0376761	0.999289	-0.00108975	0.839946	0.0322591	0.54171	8.54282	14.516	17.018	0.604657	-0.796231	-0.0201635	-0.0375408	-0.00320272	-0.99929	0.795601	0.604984	-0.0318277	10.3568	14.4034	19.4048	0.632997	-0.773647	0.0280122	0.121792	0.0637858	-0.990504	0.764514	0.630398	0.1346
0.128	5.01983	16.5948	12.1452	0.621788	-0.0199833	-0.782931	0.0123535	0.9998	-0.0157076	0.783088	9.48349e-05	0.621911	6.84523	18.6315	14.4947	0.602016	-0.0705231	-0.795363	0.0955036	0.995301	-0.0159638	0.792752	-0.0663496	0.605923	8.65128	18.918	16.8729	0.461378	-0.884447	0.0698897	0.0916516	-0.0308398	-0.995313	0.882457	0.465621	0.0668321	10.0354	19.193	19.5203	0.804809	-0.51823	-0.289345	-0.401656	-0.116616	-0.908335	0.436984	0.847253	-0.302004	6.92516	14.6323	14.4943	0.539072	0.0186269	-0.842054	-0.039033	0.999234	-0.00288459	0.841355	0.0344229	0.539386	8.54238	14.5152	17.0183	0.604706	-0.796215	-0.0192975	-0.0387408	-0.00520475	-0.999236	0.795506	0.604991	-0.0339934	10.3565	14.399	19.4049	0.632919	-0.773678	0.0288928	0.127584	0.0674179	-0.989534	0.763633	0.629981	0.141379
0.132	5.02152	16.5945	12.1422	0.622543	-0.0214532	-0.782291	0.0136073	0.99977	-0.0165887	0.782467	-0.000317719	0.622692	6.84624	18.6349	14.4889	0.601427	-0.0740789	-0.795486	0.100167	0.994827	-0.016911	0.792623	-0.0695107	0.605736	8.65053	18.9354	16.8668	0.457631	-0.886104	0.0734454	0.0959762	-0.0328909	-0.99484	0.883947	0.462318	0.069993	10.0234	19.2233	19.5186	0.806203	-0.505866	-0.306816	-0.420815	-0.125772	-0.898385	0.415873	0.853394	-0.314274	6.93206	14.6358	14.4902	0.536677	0.0176312	-0.843603	-0.0404996	0.999168	-0.00488233	0.842815	0.0367859	0.536945	8.54209	14.5143	17.0186	0.604507	-0.79639	-0.0183029	-0.0400238	-0.00741712	-0.999171	0.795594	0.604738	-0.0363583	10.3556	14.3942	19.4054	0.6332	-0.773379	0.0307028	0.133706	0.0702271	-0.98853	0.762352	0.630042	0.147874
0.136	5.02328	16.5942	12.1391	0.6233	-0.0229212	-0.781647	0.0148995	0.999737	-0.0174354	0.781841	-0.000778705	0.623477	6.84734	18.6384	14.483	0.600606	-0.0777107	-0.79576	0.104884	0.994323	-0.0179396	0.792636	-0.0726878	0.605347	8.64916	18.953	16.8609	0.454236	-0.887541	0.077077	0.10035	-0.034993	-0.994337	0.885211	0.459398	0.0731698	10.0119	19.2541	19.5166	0.80685	-0.493341	-0.324973	-0.440057	-0.134908	-0.887778	0.394136	0.859311	-0.325948	6.93902	14.6394	14.4861	0.53445	0.016315	-0.845042	-0.0419067	0.999095	-0.00721481	0.84416	0.0392689	0.534651	8.54237	14.5137	17.0186	0.604289	-0.796584	-0.0169879	-0.0412101	-0.0099552	-0.999101	0.795699	0.604445	-0.0388432	10.3552	14.3901	19.4057	0.633087	-0.773427	0.0318002	0.139398	0.0735018	-0.987505	0.761426	0.629609	0.154347
0.14	5.0251	16.5939	12.1359	0.623919	-0.0244358	-0.781107	0.0162332	0.999701	-0.0183078	0.78132	-0.0012573	0.624129	6.84799	18.642	14.4774	0.600311	-0.0811895	-0.795635	0.109593	0.9938	-0.0187223	0.792222	-0.075957	0.605487	8.64892	18.9707	16.8541	0.450239	-0.889267	0.0805559	0.104699	-0.0370169	-0.993815	0.886748	0.455888	0.0764392	9.99964	19.2848	19.5143	0.807037	-0.480046	-0.343871	-0.459028	-0.143677	-0.876727	0.371463	0.865397	-0.336308	6.94573	14.6432	14.4824	0.532689	0.0153842	-0.846171	-0.0433941	0.999016	-0.00915478	0.845198	0.0415955	0.532832	8.5438	14.513	17.018	0.603732	-0.797026	-0.016058	-0.0425107	-0.0120734	-0.999023	0.796053	0.603825	-0.0411712	10.355	14.3854	19.4062	0.63272	-0.773668	0.0332218	0.145466	0.0766081	-0.986393	0.760595	0.628943	0.161013
0.144	5.02702	16.5935	12.1327	0.624663	-0.0259698	-0.780462	0.0176271	0.999661	-0.0191553	0.780695	-0.00179171	0.624909	6.84907	18.6457	14.4712	0.599505	-0.0848406	-0.795861	0.114353	0.993244	-0.0197424	0.79216	-0.0791734	0.605157	8.64759	18.9888	16.8477	0.446853	-0.890636	0.0842068	0.109092	-0.0391757	-0.993259	0.887931	0.453027	0.0796553	9.98814	19.3161	19.5115	0.806296	-0.466856	-0.363224	-0.478125	-0.152857	-0.864888	0.348257	0.871022	-0.346464	6.95295	14.6471	14.4784	0.530829	0.014658	-0.847352	-0.04491	0.998932	-0.010854	0.846288	0.0438162	0.53092	8.54544	14.5123	17.0173	0.602987	-0.797604	-0.0153327	-0.0438567	-0.0139525	-0.99894	0.796545	0.60302	-0.0433934	10.3544	14.3808	19.4069	0.632628	-0.773646	0.035413	0.151608	0.0788728	-0.985289	0.759471	0.62869	0.167188
0.148	5.029	16.5932	12.1295	0.625394	-0.0274937	-0.779824	0.0190492	0.999619	-0.0199659	0.780076	-0.00236848	0.62568	6.8502	18.6495	14.465	0.598518	-0.0883215	-0.796226	0.119125	0.992666	-0.020566	0.792203	-0.0825414	0.60465	8.64575	19.0069	16.8416	0.44375	-0.89185	0.0876874	0.113544	-0.0411064	-0.992682	0.888928	0.45046	0.0830229	9.977	19.3476	19.5084	0.804771	-0.453162	-0.38339	-0.497157	-0.161689	-0.852462	0.324314	0.876642	-0.355415	6.96017	14.6511	14.4745	0.529244	0.0141908	-0.848351	-0.046351	0.998851	-0.0122077	0.847203	0.0457828	0.529293	8.5479	14.512	17.0161	0.602241	-0.798176	-0.0148664	-0.0451592	-0.0154694	-0.99886	0.797036	0.602226	-0.0453613	10.3546	14.3765	19.4072	0.631917	-0.774169	0.0366511	0.157392	0.0818805	-0.984136	0.758886	0.627661	0.17359
0.152	5.03105	16.5928	12.1262	0.626043	-0.0290796	-0.779246	0.0205103	0.999573	-0.0208238	0.779519	-0.00294594	0.626372	6.85102	18.6535	14.4589	0.598058	-0.091573	-0.796204	0.123866	0.992075	-0.0210601	0.791823	-0.0860277	0.604661	8.6452	19.0251	16.8343	0.439973	-0.893395	0.0909389	0.117957	-0.0428949	-0.992092	0.89023	0.44722	0.0865092	9.96511	19.379	19.505	0.802692	-0.438603	-0.404119	-0.515785	-0.170344	-0.839612	0.299417	0.882389	-0.362959	6.96734	14.6552	14.4707	0.527957	0.0146218	-0.849145	-0.0478659	0.998775	-0.0125623	0.847921	0.0472774	0.52801	8.55121	14.5116	17.0144	0.601179	-0.798968	-0.015298	-0.0466338	-0.0159654	-0.998784	0.797753	0.601162	-0.046857	10.3547	14.3717	19.4077	0.631161	-0.774683	0.0387508	0.16368	0.0841893	-0.982914	0.758185	0.62672	0.179937
0.156	5.03321	16.5925	12.1229	0.626868	-0.0306669	-0.778522	0.0220196	0.999523	-0.0216422	0.778815	-0.00357589	0.627244	6.85247	18.6576	14.4522	0.596872	-0.0948848	-0.796706	0.128645	0.991453	-0.0217012	0.791956	-0.0895391	0.603977	8.64309	19.0435	16.828	0.437049	-0.894486	0.0942503	0.12245	-0.0446399	-0.99147	0.891064	0.444862	0.09002	9.95424	19.4109	19.5012	0.799517	-0.424139	-0.425298	-0.534525	-0.179462	-0.825879	0.273963	0.887637	-0.370196	6.97514	14.6595	14.4665	0.52643	0.0154438	-0.850078	-0.0493341	0.998705	-0.0124073	0.848786	0.0484695	0.52651	8.55443	14.5115	17.0128	0.60017	-0.79971	-0.0161207	-0.0481014	-0.0159671	-0.998715	0.798425	0.600174	-0.0480502	10.3549	14.3672	19.4081	0.630431	-0.77516	0.0410307	0.169756	0.0860969	-0.981718	0.757456	0.625871	0.185866
0.16	5.03543	16.5921	12.1195	0.62765	-0.0322632	-0.777827	0.0235539	0.99947	-0.0224504	0.778139	-0.0042299	0.628078	6.85385	18.6617	14.4454	0.595727	-0.0977532	-0.797217	0.133379	0.990825	-0.0218244	0.792035	-0.0933307	0.603299	8.64103	19.0618	16.8215	0.434134	-0.895598	0.0971183	0.126991	-0.0458887	-0.990842	0.891853	0.442491	0.0938111	9.94343	19.4428	19.4971	0.795544	-0.408725	-0.447273	-0.552971	-0.188048	-0.811703	0.247655	0.893074	-0.375613	6.9829	14.6638	14.4623	0.525148	0.0169156	-0.850843	-0.0507475	0.998646	-0.0114678	0.849497	0.0492004	0.525295	8.55835	14.5116	17.0108	0.599225	-0.800387	-0.0175931	-0.049588	-0.0151738	-0.998654	0.799043	0.599291	-0.0487821	10.356	14.3628	19.408	0.628994	-0.776257	0.0423367	0.175663	0.0888658	-0.980431	0.757304	0.624122	0.192256
0.164	5.03773	16.5917	12.116	0.628405	-0.0339412	-0.777145	0.0251258	0.999412	-0.0233316	0.77748	-0.00486471	0.628888	6.85507	18.6659	14.4388	0.595134	-0.100408	-0.797329	0.138067	0.990186	-0.0216401	0.791677	-0.0972062	0.603157	8.64047	19.0802	16.8138	0.430443	-0.897087	0.0997731	0.131468	-0.0470482	-0.990203	0.892992	0.439343	0.0976865	9.9318	19.4746	19.4928	0.79091	-0.392492	-0.469479	-0.570867	-0.196932	-0.797075	0.220391	0.898425	-0.379816	6.99083	14.6683	14.4582	0.523865	0.0192649	-0.851583	-0.0522266	0.99859	-0.00953747	0.850199	0.0494717	0.524132	8.56243	14.5116	17.0088	0.598125	-0.801155	-0.0199431	-0.0512322	-0.0133909	-0.998597	0.799764	0.598307	-0.0490543	10.3568	14.3579	19.4081	0.627687	-0.777177	0.0447752	0.182039	0.0906149	-0.979107	0.756882	0.622723	0.198354
0.168	5.04015	16.5914	12.1125	0.629393	-0.0355897	-0.776271	0.0267487	0.999351	-0.0241296	0.776626	-0.00557728	0.629937	6.85715	18.6703	14.4313	0.593355	-0.102973	-0.798327	0.142772	0.989522	-0.0215202	0.792178	-0.101209	0.601839	8.63722	19.0986	16.8078	0.428246	-0.897849	0.102338	0.136093	-0.0478761	-0.989539	0.893355	0.437693	0.101689	9.92195	19.5069	19.4879	0.784871	-0.376397	-0.492243	-0.58896	-0.206194	-0.781416	0.192625	0.903221	-0.383519	6.99951	14.6729	14.4536	0.52217	0.0217507	-0.852564	-0.0536289	0.998534	-0.00737147	0.851153	0.0495712	0.522571	8.56602	14.512	17.007	0.597339	-0.801675	-0.0224296	-0.0528114	-0.011413	-0.998539	0.800248	0.597651	-0.0491551	10.358	14.3536	19.4078	0.626112	-0.778341	0.0465721	0.187969	0.0926996	-0.977791	0.756737	0.620961	0.204344
0.172	5.04264	16.591	12.109	0.630225	-0.0373018	-0.775516	0.0283854	0.999284	-0.0249974	0.775894	-0.00625935	0.630833	6.85871	18.6747	14.4242	0.592466	-0.104955	-0.798729	0.147371	0.988866	-0.0206252	0.792001	-0.10549	0.601337	8.6361	19.1168	16.8002	0.424963	-0.899179	0.104319	0.140654	-0.0482507	-0.988882	0.894216	0.434912	0.105969	9.91099	19.5388	19.4828	0.778248	-0.358713	-0.515417	-0.606222	-0.215102	-0.765654	0.163783	0.908326	-0.384862	7.00791	14.6776	14.4492	0.52072	0.0247483	-0.853368	-0.0550315	0.998474	-0.00462344	0.851952	0.0493696	0.521288	8.57008	14.5125	17.0051	0.596607	-0.802131	-0.0254278	-0.0544505	-0.00884694	-0.998477	0.800684	0.597083	-0.0489545	10.3599	14.3491	19.4071	0.623953	-0.780005	0.0477057	0.19398	0.0954569	-0.97635	0.757004	0.61845	0.210866
0.176	5.04523	16.5906	12.1055	0.631181	-0.039058	-0.774652	0.0300798	0.999213	-0.0258716	0.775052	-0.00697169	0.631859	6.86066	18.6793	14.4167	0.591288	-0.106873	-0.799348	0.151939	0.988193	-0.0197301	0.792019	-0.109786	0.600544	8.63452	19.1351	16.7927	0.421998	-0.900351	0.106236	0.145219	-0.0485386	-0.988208	0.894891	0.43245	0.110265	9.90052	19.5708	19.4774	0.770481	-0.340834	-0.538694	-0.623173	-0.224793	-0.749082	0.134218	0.912853	-0.385597	7.01689	14.6825	14.4446	0.518888	0.0279271	-0.854386	-0.0565062	0.998401	-0.00168295	0.852973	0.0491514	0.519636	8.57355	14.5129	17.0035	0.595921	-0.802534	-0.0286075	-0.05618	-0.00612695	-0.998402	0.801076	0.596576	-0.0487375	10.3613	14.3444	19.4067	0.622035	-0.781398	0.0498954	0.200276	0.0971786	-0.974908	0.756943	0.61642	0.216944
0.18	5.04793	16.5903	12.1018	0.632256	-0.0407893	-0.773685	0.031807	0.999138	-0.0266827	0.774106	-0.00773827	0.633008	6.86312	18.684	14.4087	0.589417	-0.108579	-0.800499	0.156482	0.987503	-0.018724	0.792528	-0.114227	0.599042	8.63138	19.1534	16.7862	0.419965	-0.901098	0.107941	0.149872	-0.0484441	-0.987518	0.89508	0.4309	0.114704	9.89127	19.603	19.4715	0.761356	-0.322569	-0.562394	-0.639943	-0.23479	-0.731673	0.103971	0.916964	-0.385185	7.02628	14.6874	14.4396	0.516769	0.030622	-0.855577	-0.0579072	0.998322	0.000754983	0.854164	0.0491539	0.517675	8.57659	14.5137	17.0021	0.595599	-0.802672	-0.0313033	-0.0577931	-0.00395024	-0.998321	0.801201	0.596408	-0.0487416	10.3634	14.3403	19.4057	0.619654	-0.783232	0.0507692	0.206034	0.0999057	-0.973432	0.75735	0.613651	0.223279
0.184	5.05071	16.5899	12.0982	0.633157	-0.0426003	-0.77285	0.0335584	0.999056	-0.0275763	0.773296	-0.00847548	0.633989	6.86498	18.6887	14.4011	0.588627	-0.10979	-0.800915	0.16089	0.986825	-0.0170299	0.792233	-0.118835	0.598536	8.63086	19.1713	16.7778	0.416625	-0.902502	0.109152	0.154396	-0.0480783	-0.986839	0.895871	0.427995	0.119312	9.88074	19.6345	19.4654	0.751595	-0.302649	-0.586096	-0.65561	-0.244873	-0.714291	0.0726604	0.921108	-0.382466	7.03538	14.6924	14.435	0.514835	0.0332538	-0.856644	-0.0593946	0.99823	0.00305439	0.855229	0.0493075	0.515899	8.57989	14.5143	17.0007	0.595232	-0.802837	-0.033936	-0.0594885	-0.0019103	-0.998227	0.801349	0.596195	-0.0488967	10.3656	14.3358	19.4048	0.616979	-0.785285	0.0516168	0.212116	0.102777	-0.971825	0.757854	0.610544	0.229983
0.188	5.05361	16.5895	12.0945	0.634271	-0.0443979	-0.771835	0.0353723	0.998971	-0.0283955	0.772301	-0.00929111	0.635188	6.86763	18.6936	14.3928	0.586858	-0.111167	-0.802022	0.165295	0.986119	-0.0157341	0.792638	-0.123337	0.597087	8.6282	19.1894	16.7707	0.41455	-0.903289	0.110528	0.158964	-0.047711	-0.986131	0.896035	0.426371	0.123812	9.87186	19.6663	19.4588	0.740225	-0.283109	-0.609849	-0.671122	-0.256106	-0.695705	0.0407737	0.924261	-0.379577	7.04522	14.6977	14.43	0.512385	0.0351158	-0.858038	-0.0609471	0.998131	0.00445413	0.85659	0.0500127	0.513568	8.58238	14.5148	16.9997	0.594975	-0.802947	-0.0357991	-0.0611672	-0.000823077	-0.998127	0.801413	0.59605	-0.0496037	10.3673	14.3313	19.404	0.614594	-0.787049	0.0531832	0.218214	0.104837	-0.970253	0.758061	0.607917	0.236177
0.192	5.0566	16.5891	12.0908	0.63532	-0.0461921	-0.770866	0.0371969	0.998881	-0.029199	0.771353	-0.0101231	0.636327	6.87018	18.6985	14.3846	0.585329	-0.112281	-0.802984	0.169616	0.985409	-0.0141487	0.792856	-0.127917	0.595833	8.62616	19.2073	16.7631	0.412291	-0.904186	0.111641	0.163485	-0.0471253	-0.98542	0.896264	0.424531	0.128392	9.86304	19.6978	19.4519	0.727748	-0.262428	-0.633651	-0.685797	-0.267663	-0.676785	0.00800261	0.927086	-0.374764	7.05494	14.7029	14.4251	0.510003	0.035999	-0.859419	-0.0624688	0.998036	0.00473464	0.857901	0.0512722	0.51125	8.58495	14.5155	16.9988	0.594902	-0.802961	-0.0366834	-0.0627071	-0.000863569	-0.998032	0.801348	0.596031	-0.0508651	10.3697	14.3274	19.4028	0.611694	-0.789303	0.0532057	0.223867	0.108201	-0.968595	0.758758	0.604395	0.242885
0.196	5.05968	16.5887	12.087	0.636297	-0.0480262	-0.769948	0.0390684	0.998786	-0.0300134	0.770454	-0.0109832	0.637401	6.87252	18.7035	14.3764	0.584214	-0.113176	-0.80367	0.173818	0.984701	-0.012315	0.792768	-0.132498	0.594948	8.62516	19.225	16.7547	0.409636	-0.905281	0.112536	0.167897	-0.0464371	-0.98471	0.896666	0.422267	0.132972	9.85407	19.7287	19.4447	0.714193	-0.240722	-0.657253	-0.699479	-0.279838	-0.657586	-0.0256291	0.929378	-0.368238	7.06462	14.7084	14.4203	0.507721	0.0363505	-0.860755	-0.0641527	0.997931	0.00430281	0.85913	0.0530351	0.509002	8.58778	14.5159	16.9977	0.594614	-0.803158	-0.0370359	-0.0643347	-0.00161253	-0.997927	0.801433	0.595764	-0.0526297	10.3716	14.3229	19.402	0.608866	-0.791429	0.054055	0.230005	0.110912	-0.966849	0.759197	0.601115	0.249563
0.2	5.06288	16.5884	12.0832	0.637418	-0.049822	-0.768905	0.0409756	0.998687	-0.0307423	0.769428	-0.0119107	0.638623	6.87549	18.7087	14.3677	0.582384	-0.114429	-0.80482	0.178017	0.983965	-0.011083	0.793183	-0.136817	0.593415	8.62264	19.2427	16.7472	0.407966	-0.905879	0.113788	0.172276	-0.0460123	-0.983974	0.896596	0.42103	0.137289	9.84653	19.7595	19.437	0.698966	-0.219441	-0.680656	-0.712642	-0.293434	-0.637211	-0.0598974	0.930453	-0.361483	7.07477	14.7139	14.4153	0.50515	0.0354625	-0.862302	-0.0658705	0.997825	0.00244792	0.860514	0.0555637	0.506388	8.59023	14.5163	16.9969	0.594345	-0.803397	-0.0361491	-0.06584	-0.00381046	-0.997823	0.80151	0.595432	-0.0551604	10.3733	14.3188	19.4014	0.606288	-0.793332	0.0551363	0.235892	0.113197	-0.965164	0.759454	0.598173	0.255771
