time	torso_X	torso_Y	torso_Z	torso_R00	torso_R01	torso_R02	torso_R10	torso_R11	torso_R12	torso_r20	torso_R21	torso_R22	left_arm_X	left_arm_Y	left_arm_Z	left_arm_R00	left_arm_R01	left_arm_R02	left_arm_R10	left_arm_R11	left_arm_R12	left_arm_r20	left_arm_R21	left_arm_R22	left_forearm_X	left_forearm_Y	left_forearm_Z	left_forearm_R00	left_forearm_R01	left_forearm_R02	left_forearm_R10	left_forearm_R11	left_forearm_R12	left_forearm_r20	left_forearm_R21	left_forearm_R22	left_hand_X	left_hand_Y	left_hand_Z	left_hand_R00	left_hand_R01	left_hand_R02	left_hand_R10	left_hand_R11	left_hand_R12	left_hand_r20	left_hand_R21	left_hand_R22	right_arm_X	right_arm_Y	right_arm_Z	right_arm_R00	right_arm_R01	right_arm_R02	right_arm_R10	right_arm_R11	right_arm_R12	right_arm_r20	right_arm_R21	right_arm_R22	right_forearm_X	right_forearm_Y	right_forearm_Z	right_forearm_R00	right_forearm_R01	right_forearm_R02	right_forearm_R10	right_forearm_R11	right_forearm_R12	right_forearm_r20	right_forearm_R21	right_forearm_R22	right_hand_X	right_hand_Y	right_hand_Z	right_hand_R00	right_hand_R01	right_hand_R02	right_hand_R10	right_hand_R11	right_hand_R12	right_hand_r20	right_hand_R21	right_hand_R22
0.004	5	16.6	12.2	0.6	0	-0.8	0	1	0	0.8	0	0.6	6.8	18.6	14.6	0.6	0	-0.8	0	1	0	0.8	0	0.6	8.6	18.6	17	0.6	-0.8	-0.000637061	0	0.000796327	-1	0.8	0.6	0.000477796	10.4	18.6	19.4	0.6	-0.8	-0.000637061	0	0.000796327	-1	0.8	0.6	0.000477796	6.8	14.6	14.6	0.6	0	-0.8	0	1	0	0.8	0	0.6	8.6	14.6	17	0.6	-0.8	-0.000637061	0	0.000796327	-1	0.8	0.6	0.000477796	10.4	14.6	19.4	0.6	-0.8	-0.000637061	0	0.000796327	-1	0.8	0.6	0.000477796
0.008	5	16.6	12.2	0.6	0	-0.8	0	1	0	0.8	0	0.6	6.8	18.6	14.6	0.6	0	-0.8	0	1	0	0.8	0	0.6	8.6	18.6	17	0.6	-0.8	-0.000637061	0	0.000796327	-1	0.8	0.6	0.000477796	10.4	18.6	19.4	0.6	-0.8	-0.000637061	0	0.000796327	-1	0.8	0.6	0.000477796	6.8	14.6	14.6	0.6	0	-0.8	0	1	0	0.8	0	0.6	8.6	14.6	17	0.6	-0.8	-0.000637061	0	0.000796327	-1	0.8	0.6	0.000477796	10.4	14.6	19.4	0.6	-0.8	-0.000637061	0	0.000796327	-1	0.8	0.6	0.000477796
0.012	4.99997	16.6	12.1999	0.599731	7.66404e-05	-0.800202	-7.93164e-05	1	3.63308e-05	0.800202	4.16804e-05	0.599731	6.79932	18.5997	14.6006	0.600475	-0.000235073	-0.799643	0.000391981	1	3.78178e-07	0.799643	-0.000313672	0.600475	8.60074	18.6009	16.9995	0.599548	-0.800339	-0.000401705	0.000392904	0.00079625	-1	0.800339	0.599548	0.000791847	10.3994	18.6021	19.4005	0.600655	-0.799507	-0.00143394	-0.00132671	0.000796794	-0.999999	0.799507	0.600657	-0.000582112	6.79901	14.5997	14.6004	0.601314	0.000210103	-0.799013	-0.00035031	1	-6.80061e-07	0.799013	0.000280311	0.601314	8.60295	14.5987	16.9974	0.597842	-0.801613	-0.000846378	-0.000346856	0.000797158	-1	0.801614	0.597843	0.000198531	10.3965	14.5977	19.4023	0.60213	-0.798398	-0.000331128	0.000496114	0.000788897	-1	0.798398	0.60213	0.000871116
0.016	4.99994	16.6	12.1996	0.59934	0.000225692	-0.800495	-0.000262594	1	8.53337e-05	0.800494	0.000159061	0.59934	6.79841	18.5992	14.6014	0.601045	-0.000724083	-0.799215	0.00120758	0.999999	2.16155e-06	0.799214	-0.000966415	0.601045	8.60154	18.6028	16.999	0.599143	-0.800642	8.76466e-05	0.00120948	0.000795614	-0.999999	0.800641	0.599143	0.00144504	10.399	18.6064	19.401	0.601437	-0.798914	-0.00306691	-0.00404066	0.000796929	-0.999992	0.79891	0.601445	-0.00274884	6.79751	14.5992	14.6008	0.602966	0.000518508	-0.797767	-0.000864489	1	-3.44648e-06	0.797767	0.000691739	0.602966	8.6064	14.5966	16.9941	0.595881	-0.803072	-0.00115379	-0.000857437	0.0008005	-0.999999	0.803072	0.595882	-0.00021158	10.394	14.594	19.4033	0.603825	-0.797117	0.000162173	0.00145876	0.000901574	-0.999999	0.797116	0.603824	0.00170719
0.02	4.99993	16.5999	12.1992	0.599073	0.000387688	-0.800695	-0.000593537	1	4.01103e-05	0.800694	0.000451212	0.599073	6.79792	18.5981	14.6021	0.601767	-0.00148998	-0.79867	0.00248314	0.999997	5.37815e-06	0.798668	-0.00198644	0.601769	8.60323	18.6055	16.9981	0.598042	-0.801465	0.000853977	0.00248684	0.00079013	-0.999997	0.801461	0.598042	0.00246565	10.3974	18.613	19.4025	0.603309	-0.797488	-0.00556691	-0.00818016	0.00079193	-0.999966	0.797465	0.603334	-0.0060458	6.79637	14.5981	14.6003	0.604046	0.000846882	-0.796949	-0.00140845	0.999999	-4.88158e-06	0.796948	0.00112541	0.604047	8.60851	14.5939	16.9912	0.594489	-0.804102	-0.00148151	-0.00139891	0.000808202	-0.999999	0.804102	0.594491	-0.000644395	10.392	14.5897	19.4035	0.605433	-0.795896	0.000778054	0.00290842	0.00123484	-0.999995	0.795891	0.605432	0.00306241
0.024	4.99995	16.5998	12.1986	0.598858	0.000579397	-0.800855	-0.00099396	1	-1.97842e-05	0.800854	0.000807865	0.598859	6.79768	18.5968	14.6028	0.602243	-0.0025017	-0.798309	0.00416032	0.999991	4.82362e-06	0.798302	-0.00332413	0.602248	8.60441	18.6093	16.9977	0.597259	-0.802046	0.00186598	0.00416523	0.000775215	-0.999991	0.802038	0.597261	0.00380371	10.3962	18.6218	19.4038	0.605141	-0.796069	-0.00889853	-0.0136788	0.00077896	-0.999906	0.796001	0.605205	-0.0104179	6.79536	14.5968	14.5995	0.605431	0.00126841	-0.795897	-0.00206084	0.999998	2.60237e-05	0.795895	0.00162446	0.605433	8.61166	14.5906	16.9872	0.59197	-0.805958	-0.00190221	-0.00204673	0.000856867	-0.999998	0.805958	0.591972	-0.00114234	10.3876	14.5845	19.4051	0.608497	-0.793555	0.00153548	0.00494574	0.00185747	-0.999986	0.793541	0.608496	0.00505499
0.028	5	16.5996	12.1979	0.598758	0.000781422	-0.80093	-0.00151644	0.999999	-0.000158013	0.800929	0.00130917	0.598759	6.79784	18.5951	14.6033	0.602645	-0.0037841	-0.798	0.00626261	0.99998	-1.23925e-05	0.797984	-0.0049901	0.602657	8.60577	18.6139	16.9972	0.596407	-0.802676	0.00314863	0.00626853	0.000735083	-0.99998	0.802657	0.596415	0.00547001	10.395	18.6327	19.4052	0.607221	-0.794426	-0.0130386	-0.0204837	0.000752413	-0.99979	0.794269	0.607361	-0.0158159	6.79471	14.5951	14.598	0.606195	0.00167701	-0.795314	-0.00262574	0.999997	0.000107248	0.795311	0.00202327	0.606198	8.6133	14.5872	16.984	0.590591	-0.806968	-0.00231034	-0.00260764	0.00095454	-0.999996	0.806967	0.590595	-0.00154054	10.3851	14.5794	19.4049	0.610528	-0.791992	0.0020655	0.007071	0.00284296	-0.999971	0.791963	0.610525	0.00733589
0.032	5.00009	16.5995	12.197	0.598756	0.000980648	-0.800931	-0.00214931	0.999998	-0.000382384	0.800929	0.0019504	0.598756	6.79832	18.593	14.6037	0.603177	-0.00530373	-0.797589	0.00875198	0.999962	-3.07481e-05	0.797559	-0.00696194	0.603201	8.60785	18.6193	16.9964	0.594997	-0.803714	0.00466858	0.00875935	0.000676095	-0.999961	0.80368	0.595015	0.00744229	10.3928	18.6455	19.4074	0.610149	-0.792083	-0.0179448	-0.0284417	0.00073718	-0.999595	0.791776	0.610412	-0.0220784	6.7944	14.593	14.5959	0.606696	0.0020746	-0.794931	-0.00311166	0.999995	0.000234931	0.794928	0.00233102	0.606699	8.61449	14.5837	16.9807	0.588954	-0.808162	-0.00270762	-0.00308807	0.00109987	-0.999995	0.808161	0.588959	-0.00184789	10.3813	14.5744	19.4052	0.613277	-0.789864	0.00246234	0.00928481	0.00409178	-0.999949	0.789813	0.613269	0.00984313
0.036	5.00021	16.5993	12.1961	0.598627	0.00121265	-0.801027	-0.00278639	0.999996	-0.00056847	0.801023	0.00257228	0.598628	6.79852	18.5909	14.6043	0.60361	-0.0070303	-0.797249	0.0115158	0.999934	-9.88222e-05	0.797197	-0.00912131	0.603651	8.60935	18.6255	16.9959	0.594035	-0.804414	0.00639543	0.0115233	0.000559721	-0.999933	0.804357	0.594069	0.00960201	10.3915	18.66	19.409	0.612733	-0.789943	-0.0234305	-0.03732	0.000692399	-0.999303	0.789409	0.61318	-0.0290564	6.79367	14.5909	14.594	0.607996	0.00265096	-0.793935	-0.00378046	0.999993	0.000443905	0.793931	0.00273155	0.608002	8.61766	14.5796	16.9758	0.586124	-0.810214	-0.00328319	-0.00374524	0.00134284	-0.999992	0.810212	0.586132	-0.00224738	10.376	14.5683	19.4064	0.616987	-0.786966	0.00326405	0.0124462	0.00561062	-0.999907	0.786875	0.616971	0.0132564
0.04	5.00037	16.599	12.1951	0.598449	0.00146694	-0.80116	-0.00350943	0.999994	-0.000790461	0.801153	0.00328466	0.59845	6.79865	18.5885	14.6051	0.604241	-0.008954	-0.796751	0.0145691	0.999894	-0.000187996	0.796669	-0.0114944	0.604307	8.61137	18.6322	16.9951	0.592716	-0.805369	0.00831952	0.0145764	0.000398592	-0.999894	0.80528	0.592774	0.0119756	10.3895	18.6759	19.4109	0.615808	-0.787345	-0.0294762	-0.0469437	0.000679986	-0.998897	0.786496	0.616513	-0.0365421	6.79278	14.5885	14.5919	0.60911	0.00322099	-0.793079	-0.00432424	0.99999	0.000740174	0.793074	0.00297862	0.609118	8.62011	14.5756	16.9712	0.584234	-0.811576	-0.00385254	-0.00427454	0.0016698	-0.999989	0.811574	0.584244	-0.00249356	10.3728	14.5627	19.4059	0.619552	-0.784946	0.00375765	0.0155892	0.00751798	-0.99985	0.784801	0.619518	0.0168944
0.044	5.00057	16.5988	12.1939	0.598212	0.00173309	-0.801336	-0.00425736	0.99999	-0.00101547	0.801326	0.00401904	0.598214	6.79867	18.586	14.6059	0.604958	-0.0110029	-0.796181	0.0178195	0.999841	-0.000277746	0.796058	-0.0140195	0.605058	8.61355	18.6395	16.9941	0.591177	-0.806475	0.0103689	0.0178257	0.000211962	-0.999841	0.806345	0.591268	0.0145013	10.3871	18.6929	19.4131	0.619353	-0.784288	-0.0359764	-0.057048	0.00074576	-0.998371	0.783037	0.620397	-0.0442801	6.79174	14.586	14.5899	0.610692	0.0038198	-0.791859	-0.00480253	0.999988	0.00112	0.791853	0.00311895	0.610703	8.62382	14.5716	16.9654	0.581236	-0.813723	-0.00445038	-0.00472901	0.00209119	-0.999987	0.813722	0.581249	-0.00263263	10.3675	14.5574	19.4066	0.623318	-0.781957	0.00411641	0.0185712	0.00954048	-0.999782	0.781748	0.623259	0.0204686
0.048	5.00082	16.5985	12.1927	0.5979	0.00198311	-0.801568	-0.0049402	0.999987	-0.00121095	0.801556	0.00468394	0.597902	6.79848	18.5837	14.6067	0.605472	-0.0131729	-0.795757	0.0211587	0.999776	-0.000451096	0.795585	-0.0165641	0.605616	8.6149	18.6472	16.9935	0.590164	-0.807186	0.0125392	0.0211614	-5.9112e-05	-0.999776	0.807006	0.590297	0.0170463	10.3854	18.7106	19.4145	0.622488	-0.781465	-0.0426724	-0.067398	0.000794522	-0.997726	0.779722	0.623948	-0.0521746	6.79055	14.5837	14.588	0.61269	0.00466486	-0.79031	-0.00552543	0.999983	0.00161888	0.790304	0.00337493	0.612705	8.62862	14.5672	16.9589	0.577926	-0.816072	-0.00529421	-0.00541577	0.00265197	-0.999982	0.816071	0.577945	-0.00288701	10.3624	14.5509	19.4071	0.627076	-0.778942	0.00497689	0.0226731	0.0118655	-0.999673	0.778628	0.626983	0.0251016
0.052	5.00114	16.5982	12.1914	0.597743	0.00216436	-0.801685	-0.00565111	0.999983	-0.00151379	0.801668	0.00543526	0.597745	6.79869	18.5813	14.6072	0.606036	-0.0153709	-0.795289	0.0246125	0.999697	-0.000566016	0.795057	-0.019231	0.60623	8.6168	18.6551	16.9924	0.588645	-0.808257	0.0147376	0.0246117	-0.000303776	-0.999697	0.808017	0.588829	0.0197138	10.3827	18.7289	19.4165	0.626343	-0.777961	-0.0497159	-0.0778593	0.00102622	-0.996964	0.77565	0.628312	-0.0599287	6.79004	14.5813	14.5855	0.613826	0.00552217	-0.789422	-0.00614849	0.999979	0.00221421	0.789417	0.00349462	0.613847	8.63151	14.5629	16.9538	0.575885	-0.817508	-0.0061508	-0.00599956	0.00329734	-0.999977	0.817509	0.575908	-0.00300579	10.3592	14.5449	19.4063	0.629854	-0.776694	0.00558026	0.0267753	0.0145319	-0.999536	0.776252	0.629711	0.0299492
0.056	5.00152	16.598	12.19	0.597682	0.00226917	-0.80173	-0.00630086	0.999978	-0.00186695	0.801708	0.00616743	0.597684	6.79911	18.579	14.6074	0.606424	-0.0175622	-0.794947	0.0280907	0.999605	-0.000654584	0.794645	-0.0219336	0.606678	8.61838	18.6633	16.9913	0.587211	-0.809257	0.0169291	0.028086	-0.000531374	-0.999605	0.808946	0.587455	0.0224168	10.38	18.7475	19.4182	0.630328	-0.774239	-0.0569305	-0.0882827	0.0013705	-0.996095	0.771293	0.632892	-0.067488	6.79003	14.5791	14.5827	0.615043	0.00648336	-0.788467	-0.00675176	0.999973	0.00295582	0.788465	0.00350558	0.61507	8.63516	14.5588	16.9481	0.572754	-0.819697	-0.00711124	-0.00654523	0.00410179	-0.99997	0.819701	0.572783	-0.00301579	10.3534	14.5392	19.4072	0.634069	-0.773252	0.00620055	0.030612	0.0170881	-0.999385	0.77267	0.633869	0.0345058
0.06	5.00197	16.5977	12.1884	0.597679	0.00227454	-0.801732	-0.00685544	0.999974	-0.00227366	0.801706	0.00685515	0.597679	6.79955	18.577	14.6073	0.606673	-0.0197558	-0.794706	0.0315531	0.999502	-0.000759446	0.794325	-0.0246147	0.606994	8.61957	18.6717	16.9902	0.586018	-0.810072	0.0191229	0.0315436	-0.000775627	-0.999502	0.809684	0.58633	0.025098	10.3776	18.7663	19.4193	0.634129	-0.770559	-0.0641752	-0.0986287	0.00171156	-0.995123	0.766911	0.637366	-0.0749139	6.79045	14.5771	14.5798	0.615978	0.00768035	-0.787726	-0.00757559	0.999964	0.0038258	0.787727	0.00361087	0.616014	8.63839	14.5544	16.943	0.570221	-0.821449	-0.00830764	-0.0073007	0.00504511	-0.999961	0.821459	0.570259	-0.00312032	10.3491	14.5325	19.4074	0.637604	-0.770331	0.00715736	0.0354453	0.0200545	-0.99917	0.769548	0.637329	0.0400915
0.064	5.00248	16.5974	12.1868	0.597772	0.0021775	-0.801663	-0.00738513	0.999969	-0.00279069	0.801632	0.00758858	0.59777	6.80015	18.5751	14.6069	0.607144	-0.0218028	-0.794293	0.0350395	0.999386	-0.000648812	0.793819	-0.0274377	0.607535	8.62158	18.6803	16.9884	0.58414	-0.811377	0.0211703	0.0350294	-0.000856817	-0.999386	0.810897	0.584523	0.0279215	10.374	18.7853	19.4211	0.638756	-0.766054	-0.0717855	-0.108926	0.00232527	-0.994047	0.76166	0.642773	-0.0819577	6.79144	14.5753	14.5766	0.616368	0.00884914	-0.787409	-0.00835346	0.999954	0.00469887	0.787414	0.00368135	0.616413	8.64054	14.5502	16.9388	0.568198	-0.822838	-0.00947617	-0.00801004	0.00598467	-0.99995	0.822853	0.568245	-0.00319048	10.3451	14.5262	19.4074	0.640936	-0.767553	0.00802303	0.0403712	0.0232701	-0.998914	0.766532	0.640563	0.0459017
0.068	5.00304	16.597	12.1852	0.597732	0.00202756	-0.801693	-0.00779284	0.999964	-0.00328123	0.801658	0.00820876	0.597727	6.8003	18.5736	14.6066	0.60761	-0.0238068	-0.793879	0.0384998	0.999258	-0.000499172	0.793302	-0.0302609	0.608076	8.62313	18.6891	16.9865	0.582537	-0.812474	0.0231746	0.0384903	-0.000905124	-0.999259	0.811892	0.582997	0.0307451	10.3707	18.8046	19.4221	0.643188	-0.761575	-0.0794542	-0.119253	0.00286907	-0.99286	0.756365	0.64807	-0.0889745	6.79219	14.5737	14.5737	0.617624	0.0101036	-0.786408	-0.00916944	0.999942	0.0056456	0.78642	0.00372406	0.617681	8.64506	14.5462	16.933	0.564535	-0.825339	-0.0107298	-0.00872564	0.00703132	-0.999937	0.825363	0.564594	-0.00323219	10.3387	14.52	19.4091	0.645677	-0.763556	0.00909378	0.045097	0.0262413	-0.998638	0.762278	0.645208	0.0513775
0.072	5.00366	16.5967	12.1834	0.597583	0.00181792	-0.801805	-0.00811648	0.99996	-0.003782	0.801766	0.00876789	0.597574	6.80005	18.5723	14.6063	0.608223	-0.025767	-0.793348	0.0419766	0.999119	-0.000268775	0.792656	-0.0331385	0.608768	8.62471	18.6982	16.9842	0.580877	-0.813603	0.0251353	0.0419702	-0.000901672	-0.999118	0.812909	0.58142	0.0336233	10.3673	18.8241	19.4229	0.647683	-0.756892	-0.0872989	-0.129765	0.00332079	-0.991539	0.750778	0.653532	-0.0960674	6.79277	14.5724	14.5712	0.618935	0.011405	-0.785359	-0.0101039	0.999927	0.00655814	0.785377	0.00387611	0.619006	8.64958	14.5421	16.9273	0.561629	-0.827301	-0.0120304	-0.00955638	0.00805304	-0.999922	0.827334	0.5617	-0.00338318	10.3345	14.5135	19.4093	0.649263	-0.760496	0.0101702	0.0504399	0.0297122	-0.998285	0.75889	0.648663	0.0576504
0.076	5.00434	16.5964	12.1816	0.597409	0.00153551	-0.801935	-0.00837369	0.999956	-0.00432338	0.801893	0.00929798	0.597395	6.79964	18.5712	14.6059	0.609038	-0.0275713	-0.792662	0.0454981	0.998964	0.00021112	0.791835	-0.0361932	0.609661	8.62675	18.7077	16.9814	0.578732	-0.815073	0.02694	0.0455037	-0.000708716	-0.998964	0.814247	0.579358	0.0366787	10.363	18.8442	19.4241	0.652791	-0.751476	-0.0956484	-0.140593	0.00388533	-0.99006	0.744377	0.659749	-0.103116	6.7935	14.5713	14.5687	0.620311	0.0125339	-0.784256	-0.0110569	0.999913	0.00723502	0.784278	0.00418349	0.620395	8.65443	14.5382	16.9215	0.558379	-0.829482	-0.0131584	-0.0104088	0.00885509	-0.999907	0.829521	0.558464	-0.00368945	10.3296	14.5069	19.4101	0.653263	-0.757045	0.0114049	0.0559948	0.0332855	-0.997876	0.755058	0.652514	0.0641348
0.08	5.00509	16.596	12.1797	0.597144	0.00119776	-0.802133	-0.0084975	0.999952	-0.00483277	0.802089	0.00970199	0.597125	6.79892	18.5704	14.6054	0.609672	-0.0294759	-0.792106	0.0490638	0.998795	0.000596407	0.791134	-0.0392273	0.610384	8.62793	18.7176	16.9788	0.577118	-0.816151	0.0288451	0.0490799	-0.000594776	-0.998795	0.815184	0.577838	0.0397134	10.3593	18.8649	19.4244	0.657417	-0.746306	-0.104067	-0.151944	0.0039763	-0.988381	0.738049	0.665591	-0.110783	6.79413	14.5706	14.5666	0.622302	0.013669	-0.782658	-0.01209	0.999896	0.00785008	0.782684	0.00457717	0.622403	8.66104	14.5344	16.9146	0.554115	-0.832318	-0.0142922	-0.0113181	0.00963467	-0.99989	0.832363	0.554215	-0.00408154	10.3234	14.5004	19.4117	0.657982	-0.752922	0.0129379	0.0615728	0.0366693	-0.997429	0.750512	0.657087	0.0704873
0.084	5.00592	16.5956	12.1778	0.596999	0.000767645	-0.802242	-0.00859534	0.999948	-0.00543951	0.802196	0.0101429	0.596975	6.79845	18.5698	14.6046	0.61032	-0.0314119	-0.791532	0.0527651	0.998606	0.00105557	0.790396	-0.0424095	0.611127	8.62941	18.7281	16.9758	0.575217	-0.817422	0.0307815	0.0527956	-0.000452224	-0.998605	0.816295	0.57604	0.0428962	10.3551	18.8864	19.4247	0.662315	-0.740659	-0.112973	-0.163977	0.00383214	-0.986457	0.731061	0.67187	-0.118913	6.79538	14.57	14.5641	0.623473	0.0146443	-0.781708	-0.0130834	0.99988	0.00829646	0.781735	0.00505481	0.62359	8.6658	14.5307	16.9093	0.551377	-0.834116	-0.0152668	-0.0122217	0.0102218	-0.999873	0.834166	0.551494	-0.00455823	10.3199	14.494	19.4118	0.661356	-0.749938	0.0142078	0.0672779	0.0404442	-0.996914	0.747049	0.660271	0.0772022
0.088	5.00683	16.5953	12.1757	0.596985	0.000222193	-0.802252	-0.00861698	0.999944	-0.00613527	0.802206	0.0105757	0.596954	6.79823	18.5693	14.6035	0.610923	-0.0333683	-0.790987	0.0565824	0.998397	0.00158366	0.789665	-0.0457234	0.611832	8.631	18.739	16.9725	0.57308	-0.818845	0.0327384	0.0566317	-0.000282579	-0.998395	0.81754	0.574015	0.0462106	10.3502	18.9089	19.4251	0.66747	-0.734501	-0.122444	-0.176748	0.00346022	-0.98425	0.723356	0.678599	-0.127512	6.79734	14.5695	14.5612	0.624386	0.0154043	-0.780964	-0.0141426	0.999865	0.0084149	0.780988	0.00579075	0.624519	8.6705	14.5271	16.9041	0.548042	-0.836297	-0.0160262	-0.0132121	0.0105024	-0.999858	0.836346	0.548176	-0.00529343	10.3146	14.4874	19.4132	0.665714	-0.746035	0.0159775	0.0732977	0.0440681	-0.996336	0.742598	0.664446	0.0840195
0.092	5.00782	16.5948	12.1736	0.596971	-0.000403584	-0.802263	-0.00854155	0.99994	-0.00685887	0.802217	0.0109471	0.596932	6.79792	18.5691	14.6022	0.61137	-0.035662	-0.790541	0.0605394	0.998164	0.00179049	0.789026	-0.0489535	0.612407	8.63204	18.7507	16.9692	0.571355	-0.819955	0.0350324	0.0605931	-0.000424287	-0.998162	0.818463	0.572428	0.0494411	10.3461	18.9325	19.4246	0.672078	-0.728615	-0.132029	-0.190393	0.00227052	-0.981705	0.715585	0.68492	-0.137197	6.79954	14.5693	14.5584	0.625401	0.0161634	-0.780136	-0.0152997	0.999847	0.00845045	0.780154	0.00665092	0.625552	8.67574	14.5234	16.8988	0.544486	-0.838602	-0.0167846	-0.0143013	0.0107263	-0.99984	0.838648	0.544639	-0.00615277	10.3092	14.4805	19.4148	0.670138	-0.742018	0.017991	0.079644	0.0477877	-0.995677	0.737951	0.668674	0.0911217
0.096	5.00889	16.5944	12.1714	0.597023	-0.00109449	-0.802223	-0.00849941	0.999934	-0.00768957	0.802179	0.0114093	0.596974	6.79777	18.5688	14.6008	0.612055	-0.0381103	-0.789896	0.0647115	0.997902	0.00199607	0.788163	-0.0523371	0.613237	8.63393	18.7629	16.9653	0.569012	-0.821475	0.0374813	0.0647682	-0.000667924	-0.9979	0.819775	0.570244	0.0528254	10.341	18.9572	19.4246	0.677103	-0.721983	-0.142377	-0.204879	0.000876016	-0.978787	0.706793	0.69191	-0.147326	6.80214	14.569	14.5551	0.625776	0.0165968	-0.779826	-0.0162841	0.999834	0.00821197	0.779833	0.00755989	0.625942	8.67947	14.5202	16.8946	0.542013	-0.840194	-0.0172178	-0.0152682	0.0106396	-0.999827	0.840231	0.542182	-0.00706143	10.3055	14.4744	19.4153	0.673712	-0.73873	0.0197352	0.0856597	0.0515393	-0.994991	0.734012	0.672028	0.0980021
0.1	5.01004	16.5939	12.1692	0.596959	-0.00183818	-0.802269	-0.00836703	0.999929	-0.00851687	0.802228	0.0117968	0.596901	6.79724	18.5687	14.5995	0.612841	-0.0408472	-0.78915	0.0690185	0.997613	0.00196118	0.787186	-0.0556679	0.614197	8.63576	18.7757	16.9611	0.566659	-0.82297	0.0402188	0.0690631	-0.00119989	-0.997612	0.821053	0.568083	0.0561569	10.3357	18.9829	19.4242	0.681994	-0.715137	-0.153177	-0.22012	-0.000979804	-0.975472	0.697446	0.698983	-0.158084	6.80459	14.569	14.5523	0.626829	0.0168079	-0.778976	-0.0173782	0.99982	0.00758917	0.778963	0.00878005	0.627008	8.68508	14.5168	16.8892	0.538002	-0.842764	-0.0174282	-0.0163584	0.0102332	-0.999814	0.842785	0.538187	-0.00828074	10.2991	14.4678	19.4176	0.678616	-0.734156	0.0222601	0.0920095	0.0549027	-0.994243	0.728708	0.676757	0.104807
0.104	5.01126	16.5934	12.167	0.596723	-0.00259737	-0.802443	-0.00817862	0.999923	-0.00931847	0.802405	0.0121234	0.596656	6.79623	18.5688	14.5984	0.613708	-0.0440989	-0.788301	0.0734957	0.997295	0.00142751	0.786105	-0.0588128	0.615288	8.63735	18.7892	16.9567	0.564515	-0.824278	0.0434711	0.0734944	-0.00226228	-0.997293	0.822145	0.566181	0.0593027	10.3309	19.0097	19.4232	0.686441	-0.708406	-0.164193	-0.236109	-0.00356378	-0.97172	0.687787	0.705796	-0.169707	6.80662	14.5691	14.5499	0.628285	0.016962	-0.777798	-0.0185725	0.999804	0.00680103	0.777762	0.0101727	0.628477	8.69148	14.5133	16.8832	0.534153	-0.845205	-0.0175813	-0.0175697	0.0096934	-0.999799	0.845205	0.534354	-0.00967221	10.2939	14.4606	19.4188	0.682818	-0.73017	0.0247125	0.0989364	0.0589005	-0.993349	0.723859	0.680722	0.112459
0.108	5.01257	16.5929	12.1647	0.596476	-0.00337152	-0.802623	-0.00804473	0.999916	-0.0101788	0.80259	0.0125283	0.596399	6.79526	18.5686	14.5975	0.614821	-0.0475553	-0.787232	0.0781784	0.996939	0.000833212	0.784783	-0.0620568	0.616657	8.63972	18.8032	16.9518	0.561754	-0.825973	0.0469284	0.0781163	-0.00351417	-0.996938	0.823608	0.563699	0.0625478	10.325	19.0375	19.4227	0.69131	-0.700748	-0.176191	-0.252647	-0.00597187	-0.96754	0.676949	0.713384	-0.18117	6.80874	14.569	14.5474	0.62948	0.016711	-0.776837	-0.0195317	0.999793	0.00568033	0.776771	0.0115973	0.629676	8.69718	14.5104	16.8777	0.530772	-0.847337	-0.0173296	-0.0186037	0.00879415	-0.999788	0.84731	0.530982	-0.0110959	10.2895	14.4546	19.4196	0.686695	-0.726439	0.0271512	0.10525	0.0623965	-0.992486	0.719286	0.684393	0.119305
0.112	5.01398	16.5924	12.1623	0.596158	-0.0041871	-0.802856	-0.00782082	0.999909	-0.0110221	0.802829	0.0128499	0.596071	6.79408	18.5687	14.5965	0.615808	-0.0514889	-0.786212	0.0829821	0.996551	-0.000267428	0.783514	-0.0650769	0.617956	8.6415	18.8177	16.9471	0.559316	-0.827393	0.0508628	0.0828157	-0.00527827	-0.996551	0.824808	0.561599	0.065569	10.3195	19.0661	19.4215	0.695754	-0.693103	-0.188503	-0.269656	-0.0088032	-0.962917	0.665741	0.720784	-0.193024	6.81083	14.5691	14.5451	0.631228	0.0164197	-0.775423	-0.0206113	0.999778	0.00439201	0.775323	0.0132101	0.631426	8.70451	14.5073	16.8711	0.526113	-0.850244	-0.0170372	-0.0197715	0.00779932	-0.999774	0.850185	0.526331	-0.0127073	10.2829	14.448	19.4217	0.69161	-0.721628	0.0304663	0.111854	0.0653384	-0.991574	0.713557	0.68919	0.125906
0.116	5.01549	16.5918	12.16	0.595909	-0.00505484	-0.803036	-0.00760136	0.9999	-0.0119348	0.803016	0.0132162	0.59581	6.79311	18.5688	14.5955	0.616742	-0.0558549	-0.785181	0.0879561	0.996123	-0.00177295	0.782236	-0.067968	0.619264	8.64333	18.8327	16.9422	0.556827	-0.828791	0.0552297	0.0876414	-0.00749827	-0.996124	0.825992	0.559509	0.0684611	10.3138	19.0956	19.4201	0.70003	-0.685146	-0.201329	-0.287051	-0.0118268	-0.957842	0.65388	0.72831	-0.204951	6.81333	14.5692	14.5426	0.632372	0.0161897	-0.774496	-0.0217654	0.999758	0.0031272	0.774359	0.0148797	0.632571	8.71044	14.5039	16.8657	0.522792	-0.852295	-0.0168065	-0.0210426	0.00680688	-0.999755	0.852201	0.523018	-0.0143759	10.2788	14.4408	19.4223	0.69523	-0.718015	0.0333145	0.119166	0.0694299	-0.990444	0.70884	0.692556	0.133833
0.12	5.01711	16.5912	12.1575	0.595819	-0.00598336	-0.803096	-0.00743679	0.999888	-0.0129669	0.803084	0.0136984	0.595708	6.7926	18.5687	14.5942	0.617729	-0.0602974	-0.784076	0.0930958	0.995652	-0.00322315	0.780861	-0.0710031	0.620657	8.64579	18.848	16.9368	0.553795	-0.830512	0.059673	0.0926122	-0.00978365	-0.995654	0.827486	0.556915	0.0714974	10.3072	19.1258	19.4192	0.70464	-0.676124	-0.215264	-0.304641	-0.0142774	-0.95236	0.64084	0.736649	-0.216035	6.81654	14.5691	14.5394	0.632896	0.0157498	-0.774077	-0.0227118	0.99974	0.00177179	0.773904	0.0164593	0.633089	8.71523	14.501	16.8611	0.519603	-0.854251	-0.0163662	-0.0221374	0.00568835	-0.999739	0.854121	0.51983	-0.0159552	10.274	14.4346	19.4235	0.699252	-0.713933	0.0366952	0.125848	0.0724063	-0.989404	0.703711	0.69646	0.140478
0.124	5.01884	16.5906	12.1551	0.595704	-0.00696959	-0.803174	-0.00720214	0.999876	-0.0140182	0.803172	0.0141353	0.59558	6.79202	18.5687	14.5929	0.618578	-0.0651858	-0.783015	0.0983556	0.995138	-0.0051446	0.779543	-0.0738315	0.621982	8.64775	18.8638	16.9315	0.551116	-0.831927	0.0645623	0.09765	-0.0125398	-0.995142	0.828695	0.554743	0.0743268	10.3011	19.1568	19.4176	0.708694	-0.66719	-0.229369	-0.322497	-0.0171975	-0.946414	0.627494	0.744689	-0.227355	6.8199	14.5692	14.5363	0.633723	0.0155818	-0.773403	-0.0237709	0.999717	0.000663645	0.773195	0.0179639	0.633914	8.72107	14.4979	16.8559	0.515548	-0.856708	-0.0161977	-0.0233118	0.00487304	-0.999716	0.856544	0.515779	-0.0174591	10.2677	14.428	19.4255	0.703952	-0.709073	0.0408312	0.132716	0.0748462	-0.988324	0.697738	0.701151	0.146794
0.128	5.02067	16.59	12.1526	0.595605	-0.00799684	-0.803238	-0.00701248	0.999861	-0.0151542	0.803247	0.0146586	0.595466	6.79149	18.5687	14.5917	0.619613	-0.0701403	-0.781767	0.103773	0.994577	-0.00698536	0.778017	-0.0767979	0.623532	8.65033	18.88	16.9257	0.54801	-0.833578	0.0695177	0.102818	-0.0153506	-0.994582	0.830129	0.552188	0.0772944	10.2944	19.1884	19.4161	0.712795	-0.65746	-0.244274	-0.340501	-0.0198968	-0.940034	0.613174	0.753227	-0.238048	6.82348	14.5692	14.533	0.633997	0.0155294	-0.77318	-0.0248717	0.999691	-0.00031561	0.772936	0.0194304	0.634187	8.72547	14.4946	16.8518	0.512821	-0.858343	-0.0161451	-0.0245279	0.00414947	-0.999691	0.858145	0.513059	-0.0189254	10.2639	14.421	19.4263	0.707379	-0.70545	0.0442141	0.140194	0.0787176	-0.98699	0.692792	0.704375	0.154583
0.132	5.02262	16.5893	12.1501	0.595422	-0.0090489	-0.803362	-0.00682065	0.999844	-0.0163172	0.803384	0.0151951	0.595267	6.79079	18.5685	14.5906	0.620828	-0.0749575	-0.780355	0.109306	0.993972	-0.00851557	0.776289	-0.080011	0.625279	8.65327	18.8964	16.9195	0.544591	-0.835401	0.074336	0.108093	-0.0179813	-0.993978	0.831707	0.549347	0.0805089	10.287	19.2207	19.4146	0.716894	-0.646872	-0.260038	-0.358607	-0.0222768	-0.933223	0.597883	0.762273	-0.247943	6.82698	14.5692	14.5299	0.63463	0.0154153	-0.772662	-0.0258699	0.999664	-0.00130421	0.772383	0.0208164	0.634816	8.73087	14.4915	16.847	0.509028	-0.860601	-0.0160306	-0.0256434	0.00345338	-0.999665	0.860368	0.509269	-0.0203109	10.258	14.4146	19.4281	0.711795	-0.700705	0.0485853	0.147223	0.0812029	-0.985764	0.686784	0.708815	0.16096
0.136	5.02467	16.5886	12.1476	0.595024	-0.0101028	-0.803644	-0.00656644	0.999827	-0.0174309	0.803681	0.0156489	0.594855	6.78954	18.5686	14.59	0.622048	-0.0800295	-0.778879	0.11497	0.993316	-0.010243	0.774493	-0.0831758	0.627091	8.65568	18.9135	16.9134	0.541569	-0.836897	0.0794093	0.113461	-0.0208292	-0.993324	0.832964	0.546964	0.0836751	10.2804	19.2539	19.4123	0.720271	-0.636545	-0.275717	-0.377036	-0.0256026	-0.925845	0.582283	0.770814	-0.258441	6.82995	14.5693	14.5274	0.635984	0.0156928	-0.771543	-0.0269488	0.999635	-0.00188184	0.771232	0.021989	0.636174	8.7379	14.4884	16.8411	0.504622	-0.863186	-0.0163072	-0.0267764	0.00323142	-0.999636	0.862925	0.504875	-0.0214824	10.2518	14.4081	19.4298	0.716216	-0.695848	0.0532064	0.154297	0.0835366	-0.984487	0.680608	0.713314	0.167197
0.14	5.02684	16.5879	12.1451	0.59461	-0.0111811	-0.803936	-0.00635486	0.999807	-0.0186055	0.803989	0.0161719	0.594424	6.7883	18.5684	14.5894	0.623441	-0.0847262	-0.777267	0.120762	0.992617	-0.0113382	0.772488	-0.0867955	0.629069	8.65863	18.9307	16.9069	0.538102	-0.838673	0.0841072	0.118979	-0.0232081	-0.992625	0.83444	0.544141	0.0872964	10.2729	19.2877	19.4102	0.723637	-0.625244	-0.292266	-0.395607	-0.028764	-0.91797	0.565548	0.779899	-0.268165	6.83303	14.5692	14.5247	0.636894	0.016007	-0.770785	-0.028024	0.999604	-0.00239719	0.770442	0.0231273	0.637091	8.74371	14.4851	16.8361	0.501383	-0.865066	-0.0166207	-0.0279055	0.00303196	-0.999606	0.864775	0.501649	-0.0226199	10.2479	14.4014	19.4304	0.719556	-0.692087	0.0570547	0.161717	0.0871	-0.982986	0.675342	0.71654	0.174596
0.144	5.02914	16.5871	12.1426	0.594166	-0.0123189	-0.804248	-0.00606582	0.999786	-0.0197954	0.804319	0.0166402	0.593964	6.787	18.5685	14.5889	0.624725	-0.0891696	-0.775736	0.126625	0.991878	-0.0120393	0.770509	-0.0907065	0.630942	8.66118	18.9484	16.9004	0.534805	-0.840323	0.0885518	0.124596	-0.0252272	-0.991887	0.835739	0.541499	0.0912089	10.2656	19.3222	19.4076	0.726497	-0.613726	-0.3091	-0.414438	-0.0325271	-0.909496	0.548127	0.788849	-0.277982	6.83628	14.5694	14.5223	0.638118	0.0164104	-0.769764	-0.0291414	0.999571	-0.00284805	0.769387	0.0242494	0.638323	8.75063	14.482	16.8305	0.49698	-0.867595	-0.0170233	-0.0290627	0.00296509	-0.999573	0.867275	0.497263	-0.0237411	10.2416	14.3948	19.4323	0.723938	-0.687067	0.062073	0.169069	0.0894656	-0.981535	0.668827	0.721065	0.180929
0.148	5.03156	16.5864	12.1401	0.593734	-0.0135132	-0.804548	-0.00573603	0.999762	-0.0210251	0.804641	0.0170982	0.593516	6.78574	18.5687	14.5882	0.625834	-0.0936176	-0.774318	0.132611	0.991087	-0.0126443	0.7686	-0.0947699	0.632671	8.66324	18.9665	16.894	0.531857	-0.841712	0.093001	0.130343	-0.027146	-0.991097	0.836743	0.539244	0.0952737	10.2588	19.3576	19.4043	0.72854	-0.602617	-0.325701	-0.433691	-0.0377392	-0.900271	0.530227	0.797137	-0.288844	6.83979	14.5696	14.5198	0.639119	0.0172281	-0.768915	-0.0303073	0.999537	-0.00279604	0.768511	0.0250908	0.639345	8.75715	14.4787	16.8254	0.493184	-0.869742	-0.0178404	-0.0301838	0.00338716	-0.999539	0.869401	0.493495	-0.0245816	10.2367	14.3882	19.4336	0.727683	-0.682657	0.0667657	0.176421	0.0922124	-0.979986	0.662837	0.724898	0.187537
0.152	5.03412	16.5856	12.1376	0.593472	-0.0148046	-0.804718	-0.00542353	0.999735	-0.0223922	0.804836	0.0176536	0.593235	6.78493	18.5688	14.5874	0.626964	-0.097361	-0.772941	0.138654	0.990265	-0.0122677	0.76661	-0.0994799	0.63436	8.66582	18.9848	16.8872	0.528478	-0.843416	0.0967455	0.136235	-0.0282275	-0.990274	0.837945	0.536518	0.099985	10.2513	19.3935	19.4011	0.730409	-0.590572	-0.343114	-0.453052	-0.0429888	-0.890447	0.511123	0.805839	-0.298959	6.84415	14.5699	14.5168	0.639215	0.017955	-0.768818	-0.0314319	0.999502	-0.00279091	0.768385	0.0259494	0.639461	8.7618	14.4756	16.8219	0.490372	-0.871316	-0.0185672	-0.0312775	0.00369601	-0.999504	0.870952	0.490709	-0.0254402	10.2329	14.3817	19.4348	0.731013	-0.678636	0.0712225	0.183816	0.0953281	-0.978327	0.657139	0.728262	0.19443
0.156	5.03684	16.5848	12.1351	0.593189	-0.0162343	-0.8049	-0.0049238	0.999705	-0.0237921	0.805048	0.0180764	0.592934	6.78394	18.5694	14.5864	0.627952	-0.100853	-0.77169	0.144667	0.989413	-0.0115866	0.764688	-0.104362	0.635893	8.66779	19.0034	16.8804	0.525486	-0.844877	0.100238	0.142146	-0.0289773	-0.989421	0.838844	0.534176	0.104868	10.2443	19.4299	19.397	0.731407	-0.579031	-0.360233	-0.472683	-0.0497041	-0.87983	0.491543	0.813789	-0.310052	6.84888	14.5706	14.5141	0.639593	0.0188471	-0.768482	-0.0328036	0.999458	-0.00278998	0.768013	0.0269934	0.639865	8.76766	14.4722	16.8181	0.486211	-0.873625	-0.0194591	-0.0326054	0.00411557	-0.99946	0.873233	0.486582	-0.0264839	10.2263	14.3744	19.4378	0.73528	-0.673327	0.0774166	0.191431	0.0967439	-0.976727	0.650167	0.732988	0.200029
0.16	5.03969	16.584	12.1326	0.592844	-0.0177404	-0.805122	-0.0043635	0.999672	-0.0252402	0.805305	0.0184766	0.592572	6.78274	18.5702	14.5855	0.629025	-0.104081	-0.770386	0.150706	0.988523	-0.0104987	0.762637	-0.109498	0.637491	8.66981	19.0223	16.8734	0.522521	-0.846325	0.103467	0.14813	-0.029397	-0.988531	0.83966	0.531854	0.110006	10.2374	19.4667	19.3923	0.731688	-0.567709	-0.377279	-0.492504	-0.0576541	-0.868398	0.471246	0.821208	-0.321784	6.8537	14.5715	14.5115	0.639732	0.0199452	-0.768339	-0.0341659	0.999413	-0.00250345	0.767838	0.0278525	0.640038	8.7729	14.469	16.8151	0.483071	-0.87534	-0.0205571	-0.0338733	0.00477738	-0.999415	0.874926	0.483484	-0.0273428	10.2221	14.3674	19.4398	0.738566	-0.669066	0.082886	0.1989	0.0987713	-0.97503	0.644173	0.73661	0.206026
0.164	5.04268	16.5831	12.1301	0.592434	-0.0193338	-0.805387	-0.00372431	0.999636	-0.0267364	0.80561	0.0188391	0.592146	6.78131	18.5712	14.5846	0.630313	-0.106502	-0.769002	0.156659	0.987617	-0.00837258	0.760371	-0.115194	0.639192	8.67225	19.0412	16.8657	0.51921	-0.848062	0.105889	0.15415	-0.0289397	-0.987624	0.84063	0.529106	0.115703	10.2299	19.5037	19.3876	0.731649	-0.555517	-0.395083	-0.512175	-0.0655093	-0.856379	0.449852	0.828921	-0.332452	6.85865	14.5727	14.5093	0.63989	0.0206343	-0.76819	-0.0354456	0.999368	-0.0026817	0.767649	0.0289449	0.640217	8.77831	14.4664	16.8122	0.47959	-0.877236	-0.021246	-0.0351431	0.00499106	-0.99937	0.876789	0.480034	-0.0284351	10.2171	14.3609	19.4426	0.742164	-0.664276	0.0890568	0.205935	0.0995696	-0.973487	0.637796	0.740826	0.210694
0.168	5.0458	16.5823	12.1277	0.59179	-0.0210143	-0.805819	-0.00286292	0.999599	-0.0281702	0.806087	0.0189779	0.591492	6.77914	18.5729	14.5839	0.631589	-0.108899	-0.767617	0.162514	0.986686	-0.00626196	0.758079	-0.120793	0.640878	8.67391	19.0604	16.8582	0.516411	-0.849467	0.108287	0.160097	-0.0284533	-0.986691	0.841242	0.526874	0.121304	10.2231	19.5407	19.3819	0.730607	-0.544168	-0.412425	-0.531935	-0.0749216	-0.843464	0.428087	0.835624	-0.3442	6.8632	14.5745	14.508	0.640902	0.0213661	-0.767325	-0.0369537	0.999312	-0.00303941	0.766733	0.0303034	0.641251	8.7859	14.4636	16.8082	0.475004	-0.879709	-0.0219772	-0.0366588	0.00517109	-0.999314	0.87922	0.475484	-0.0297928	10.2109	14.3537	19.4459	0.746099	-0.658941	0.0955622	0.21346	0.100769	-0.971741	0.630691	0.745414	0.215841
0.172	5.04905	16.5814	12.1253	0.59108	-0.0227539	-0.806292	-0.00194194	0.999559	-0.0296316	0.806611	0.0190804	0.590775	6.77679	18.5747	14.5833	0.632994	-0.110889	-0.766174	0.168289	0.985731	-0.00362859	0.755643	-0.126642	0.642624	8.67577	19.0796	16.8502	0.513447	-0.851006	0.110279	0.166042	-0.0275572	-0.985734	0.841904	0.524433	0.127154	10.2161	19.5777	19.3759	0.729078	-0.532228	-0.430325	-0.551467	-0.0844183	-0.829914	0.405376	0.842382	-0.355054	6.8678	14.5765	14.507	0.641615	0.0218522	-0.766715	-0.0383927	0.999256	-0.0036486	0.766065	0.0317773	0.641977	8.79265	14.4613	16.8052	0.471643	-0.881503	-0.0224627	-0.0381669	0.0050424	-0.999259	0.880963	0.472151	-0.0312661	10.2076	14.3468	19.448	0.748921	-0.654936	0.100876	0.220917	0.103244	-0.969813	0.624751	0.748598	0.222008
0.176	5.05246	16.5805	12.1229	0.590386	-0.0245967	-0.806746	-0.000891412	0.999515	-0.0311264	0.80712	0.0190957	0.590078	6.77442	18.5769	14.5824	0.634375	-0.112377	-0.764814	0.173909	0.984762	-0.00044574	0.753209	-0.132725	0.644251	8.67755	19.0986	16.8421	0.510419	-0.852631	0.111768	0.17193	-0.026164	-0.984762	0.842563	0.521858	0.133238	10.2088	19.6144	19.3698	0.727105	-0.51928	-0.449073	-0.570628	-0.0934363	-0.815876	0.381708	0.849481	-0.364254	6.87281	14.5788	14.5061	0.642335	0.0216427	-0.766119	-0.0397307	0.999197	-0.00508411	0.765394	0.0337041	0.642679	8.79981	14.4596	16.8022	0.467497	-0.883714	-0.0222528	-0.0397471	0.00413415	-0.999201	0.8831	0.468008	-0.0331923	10.2023	14.3404	19.4515	0.752542	-0.649695	0.107599	0.22778	0.10349	-0.968197	0.617897	0.753118	0.225868
0.18	5.056	16.5796	12.1205	0.589673	-0.0265504	-0.807206	0.000344301	0.999468	-0.0326227	0.807642	0.0189588	0.589368	6.77191	18.5796	14.5814	0.635557	-0.114267	-0.763551	0.179444	0.983766	0.00214121	0.750911	-0.138376	0.645743	8.67858	19.1179	16.8341	0.507869	-0.853903	0.113659	0.17768	-0.0252666	-0.983764	0.842911	0.519818	0.13889	10.2022	19.651	19.3628	0.724193	-0.506797	-0.467654	-0.589656	-0.103462	-0.801	0.35756	0.855834	-0.373763	6.87812	14.5817	14.5055	0.643087	0.0214433	-0.765493	-0.0412756	0.999125	-0.00668761	0.76468	0.0358969	0.64341	8.80738	14.4579	16.7996	0.463411	-0.885869	-0.0220528	-0.0415769	0.00312285	-0.99913	0.885167	0.463925	-0.0353846	10.1976	14.3332	19.4551	0.755877	-0.644757	0.113747	0.235312	0.105414	-0.966186	0.610965	0.757084	0.231399
0.184	5.05966	16.5787	12.1181	0.589108	-0.0285974	-0.807548	0.0016025	0.999413	-0.0342228	0.808053	0.0188668	0.588808	6.76979	18.5824	14.58	0.63677	-0.115927	-0.762289	0.18488	0.982748	0.0049842	0.748561	-0.144106	0.647218	8.6801	19.137	16.8257	0.504946	-0.855413	0.11532	0.183375	-0.0242401	-0.982744	0.843447	0.517379	0.144621	10.1949	19.6871	19.356	0.72098	-0.492497	-0.487477	-0.608112	-0.112386	-0.785856	0.332246	0.863027	-0.380522	6.88418	14.5847	14.5045	0.642927	0.0207326	-0.765647	-0.042729	0.999048	-0.00882754	0.764734	0.0383908	0.643201	8.81296	14.4565	16.7987	0.460691	-0.887304	-0.0213423	-0.0434525	0.00146954	-0.999054	0.886496	0.461183	-0.0378786	10.195	14.3262	19.4582	0.758398	-0.640838	0.118993	0.242929	0.108502	-0.963957	0.604829	0.75997	0.237966
0.188	5.06347	16.5778	12.1157	0.588549	-0.0307345	-0.807877	0.00298638	0.999353	-0.0358433	0.808456	0.0186829	0.58826	6.76765	18.5855	14.5784	0.637912	-0.11794	-0.761024	0.190235	0.981711	0.00731891	0.746243	-0.149442	0.648682	8.68139	19.1562	16.8171	0.502142	-0.856788	0.117334	0.188924	-0.0237172	-0.981705	0.843896	0.515123	0.149959	10.1878	19.723	19.3488	0.71711	-0.477223	-0.507948	-0.626139	-0.121027	-0.770261	0.306111	0.870408	-0.385598	6.89059	14.5881	14.5037	0.642984	0.0193181	-0.765636	-0.0440808	0.998958	-0.0118141	0.76461	0.0413461	0.643166	8.81954	14.4558	16.7975	0.45668	-0.889408	-0.0199278	-0.0454272	-0.000942783	-0.998967	0.888471	0.457113	-0.0408339	10.1896	14.3196	19.4629	0.762053	-0.635104	0.126172	0.249957	0.10878	-0.962127	0.597325	0.764729	0.241645
0.192	5.0674	16.5769	12.1133	0.587876	-0.0329082	-0.808281	0.00446073	0.999289	-0.0374405	0.808939	0.0184049	0.587605	6.76521	18.5889	14.5769	0.639047	-0.121049	-0.759583	0.195622	0.980644	0.00830224	0.743876	-0.153897	0.650357	8.68235	19.1757	16.8085	0.499609	-0.857837	0.120444	0.194291	-0.0245293	-0.980637	0.844181	0.513336	0.154415	10.1812	19.7586	19.341	0.71233	-0.461846	-0.528474	-0.643863	-0.130337	-0.753958	0.279332	0.877331	-0.390209	6.89685	14.5917	14.5033	0.643197	0.017895	-0.765492	-0.0455309	0.998852	-0.0149065	0.764346	0.0444413	0.643273	8.82644	14.4551	16.7963	0.453118	-0.891258	-0.0185046	-0.0475437	-0.00343261	-0.998863	0.890182	0.453483	-0.0439291	10.1858	14.3125	19.4668	0.764988	-0.630363	0.132043	0.257533	0.111479	-0.959817	0.590313	0.768255	0.247619
0.196	5.07146	16.576	12.1108	0.587163	-0.0350973	-0.808707	0.00593405	0.999219	-0.0390569	0.809447	0.0181339	0.586913	6.76275	18.5922	14.5754	0.640348	-0.124542	-0.75792	0.200984	0.979555	0.00884612	0.741323	-0.157995	0.652287	8.6838	19.1951	16.7994	0.496735	-0.859008	0.123938	0.199535	-0.0259453	-0.979547	0.844654	0.511305	0.158514	10.174	19.7938	19.3334	0.707133	-0.44402	-0.550281	-0.66089	-0.138376	-0.737615	0.25137	0.885267	-0.391299	6.90314	14.5953	14.5029	0.643211	0.0157985	-0.765526	-0.0468643	0.998725	-0.0187652	0.764253	0.0479458	0.643131	8.83277	14.4547	16.7957	0.449993	-0.892881	-0.0164081	-0.0497403	-0.00671461	-0.99874	0.891646	0.450242	-0.0474337	10.1828	14.3055	19.4706	0.767531	-0.626072	0.137586	0.265171	0.114697	-0.957355	0.583592	0.771284	0.254049
0.2	5.07566	16.575	12.1085	0.586255	-0.0372806	-0.809268	0.00751267	0.999148	-0.0405854	0.810092	0.0177136	0.586035	6.75986	18.5958	14.5742	0.641569	-0.129534	-0.756049	0.206444	0.978429	0.00754993	0.738762	-0.160925	0.654472	8.68457	19.2151	16.7905	0.494334	-0.859657	0.128932	0.204549	-0.0291214	-0.978423	0.844863	0.51004	0.161447	10.1676	19.8288	19.3251	0.700862	-0.426077	-0.572058	-0.677613	-0.147222	-0.720531	0.222783	0.892627	-0.391898	6.90899	14.5992	14.5033	0.644103	0.0132665	-0.764824	-0.0481083	0.998573	-0.0231937	0.763425	0.0517335	0.643822	8.8413	14.4549	16.7936	0.445278	-0.895285	-0.0138755	-0.052037	-0.0104044	-0.998591	0.893879	0.445372	-0.0512208	10.1771	14.2988	19.4752	0.770979	-0.62015	0.144934	0.272303	0.115275	-0.955281	0.575711	0.775968	0.257743
